4 0 0 0 0 0 0 0 0 0 0 0 0 0 0 0 0 0 0 0
4 5 0 0 0 0 0 0 0 0 0 0 0 0 0 0 0 0 0 0
4 0 0 0 0 0 0 0 0 0 0 0 0 0 0 0 0 0 0 0
4 5 0 0 0 0 0 0 0 0 0 0 0 0 0 0 0 0 0 0
4 5 0 0 0 0 0 0 0 0 0 0 0 0 0 0 0 0 0 0
4 4 5 0 0 0 0 0 0 0 0 0 0 0 0 0 0 0 0 0
4 4 5 0 0 0 0 0 0 0 0 0 0 0 0 0 0 0 0 0
4 4 5 0 0 0 0 0 0 0 0 0 0 0 0 0 0 0 0 0
4 5 0 0 0 0 0 0 0 0 0 0 0 0 0 0 0 0 0 0
4 5 0 0 0 0 0 0 0 0 0 0 0 0 0 0 0 0 0 0
4 0 0 0 0 0 0 0 0 0 0 0 0 0 0 0 0 0 0 0
4 5 0 0 0 0 0 0 0 0 0 0 0 0 0 0 0 0 0 0
4 5 0 0 0 0 0 0 0 0 0 0 0 0 0 0 0 0 0 0
4 4 5 0 0 0 0 0 0 0 0 0 0 0 0 0 0 0 0 0
4 4 5 0 0 0 0 0 0 0 0 0 0 0 0 0 0 0 0 0
4 4 5 0 0 0 0 0 0 0 0 0 0 0 0 0 0 0 0 0
4 4 5 0 0 0 0 0 0 0 0 0 0 0 0 0 0 0 0 0
4 5 0 0 0 0 0 0 0 0 0 0 0 0 0 0 0 0 0 0
4 5 0 0 0 0 0 0 0 0 0 0 0 0 0 0 0 0 0 0
4 0 0 0 0 0 0 0 0 0 0 0 0 0 0 0 0 0 0 0
4 4 5 0 0 0 0 0 0 0 0 0 0 0 0 0 0 0 0 0
4 5 0 0 0 0 0 0 0 0 0 0 0 0 0 0 0 0 0 0
4 5 0 0 0 0 0 0 0 0 0 0 0 0 0 0 0 0 0 0
4 4 5 0 0 0 0 0 0 0 0 0 0 0 0 0 0 0 0 0
4 5 0 0 0 0 0 0 0 0 0 0 0 0 0 0 0 0 0 0
4 5 0 0 0 0 0 0 0 0 0 0 0 0 0 0 0 0 0 0
4 4 5 0 0 0 0 0 0 0 0 0 0 0 0 0 0 0 0 0
4 5 0 0 0 0 0 0 0 0 0 0 0 0 0 0 0 0 0 0
0 0 0 0 0 0 0 0 0 0 0 0 0 0 0 0 0 0 0 0
4 0 0 0 0 0 0 0 0 0 0 0 0 0 0 0 0 0 0 0
4 4 5 0 0 0 0 0 0 0 0 0 0 0 0 0 0 0 0 0
4 5 0 0 0 0 0 0 0 0 0 0 0 0 0 0 0 0 0 0
4 0 0 0 0 0 0 0 0 0 0 0 0 0 0 0 0 0 0 0
4 0 0 0 0 0 0 0 0 0 0 0 0 0 0 0 0 0 0 0
4 5 0 0 0 0 0 0 0 0 0 0 0 0 0 0 0 0 0 0
4 5 0 0 0 0 0 0 0 0 0 0 0 0 0 0 0 0 0 0
4 0 0 0 0 0 0 0 0 0 0 0 0 0 0 0 0 0 0 0
4 5 0 0 0 0 0 0 0 0 0 0 0 0 0 0 0 0 0 0
4 5 0 0 0 0 0 0 0 0 0 0 0 0 0 0 0 0 0 0
4 4 5 0 0 0 0 0 0 0 0 0 0 0 0 0 0 0 0 0
4 5 0 0 0 0 0 0 0 0 0 0 0 0 0 0 0 0 0 0
4 5 0 0 0 0 0 0 0 0 0 0 0 0 0 0 0 0 0 0
4 5 0 0 0 0 0 0 0 0 0 0 0 0 0 0 0 0 0 0
4 5 0 0 0 0 0 0 0 0 0 0 0 0 0 0 0 0 0 0
4 4 5 0 0 0 0 0 0 0 0 0 0 0 0 0 0 0 0 0
4 5 0 0 0 0 0 0 0 0 0 0 0 0 0 0 0 0 0 0
4 0 0 0 0 0 0 0 0 0 0 0 0 0 0 0 0 0 0 0
4 5 0 0 0 0 0 0 0 0 0 0 0 0 0 0 0 0 0 0
4 0 0 0 0 0 0 0 0 0 0 0 0 0 0 0 0 0 0 0
4 4 5 0 0 0 0 0 0 0 0 0 0 0 0 0 0 0 0 0
4 5 0 0 0 0 0 0 0 0 0 0 0 0 0 0 0 0 0 0
4 0 0 0 0 0 0 0 0 0 0 0 0 0 0 0 0 0 0 0
4 5 0 0 0 0 0 0 0 0 0 0 0 0 0 0 0 0 0 0
4 5 0 0 0 0 0 0 0 0 0 0 0 0 0 0 0 0 0 0
4 5 0 0 0 0 0 0 0 0 0 0 0 0 0 0 0 0 0 0
4 5 0 0 0 0 0 0 0 0 0 0 0 0 0 0 0 0 0 0
4 5 0 0 0 0 0 0 0 0 0 0 0 0 0 0 0 0 0 0
4 5 0 0 0 0 0 0 0 0 0 0 0 0 0 0 0 0 0 0
4 5 0 0 0 0 0 0 0 0 0 0 0 0 0 0 0 0 0 0
4 5 0 0 0 0 0 0 0 0 0 0 0 0 0 0 0 0 0 0
4 5 0 0 0 0 0 0 0 0 0 0 0 0 0 0 0 0 0 0
4 5 0 0 0 0 0 0 0 0 0 0 0 0 0 0 0 0 0 0
4 5 0 0 0 0 0 0 0 0 0 0 0 0 0 0 0 0 0 0
4 5 0 0 0 0 0 0 0 0 0 0 0 0 0 0 0 0 0 0
4 5 0 0 0 0 0 0 0 0 0 0 0 0 0 0 0 0 0 0
4 5 0 0 0 0 0 0 0 0 0 0 0 0 0 0 0 0 0 0
4 5 0 0 0 0 0 0 0 0 0 0 0 0 0 0 0 0 0 0
4 4 5 0 0 0 0 0 0 0 0 0 0 0 0 0 0 0 0 0
4 5 0 0 0 0 0 0 0 0 0 0 0 0 0 0 0 0 0 0
4 4 4 4 5 0 0 0 0 0 0 0 0 0 0 0 0 0 0 0
4 5 0 0 0 0 0 0 0 0 0 0 0 0 0 0 0 0 0 0
4 4 5 0 0 0 0 0 0 0 0 0 0 0 0 0 0 0 0 0
4 5 0 0 0 0 0 0 0 0 0 0 0 0 0 0 0 0 0 0
4 0 0 0 0 0 0 0 0 0 0 0 0 0 0 0 0 0 0 0
4 5 0 0 0 0 0 0 0 0 0 0 0 0 0 0 0 0 0 0
4 5 0 0 0 0 0 0 0 0 0 0 0 0 0 0 0 0 0 0
4 5 0 0 0 0 0 0 0 0 0 0 0 0 0 0 0 0 0 0
4 4 5 0 0 0 0 0 0 0 0 0 0 0 0 0 0 0 0 0
4 5 0 0 0 0 0 0 0 0 0 0 0 0 0 0 0 0 0 0
4 5 0 0 0 0 0 0 0 0 0 0 0 0 0 0 0 0 0 0
4 5 0 0 0 0 0 0 0 0 0 0 0 0 0 0 0 0 0 0
4 5 0 0 0 0 0 0 0 0 0 0 0 0 0 0 0 0 0 0
4 5 0 0 0 0 0 0 0 0 0 0 0 0 0 0 0 0 0 0
4 5 0 0 0 0 0 0 0 0 0 0 0 0 0 0 0 0 0 0
4 5 0 0 0 0 0 0 0 0 0 0 0 0 0 0 0 0 0 0
4 5 0 0 0 0 0 0 0 0 0 0 0 0 0 0 0 0 0 0
4 5 0 0 0 0 0 0 0 0 0 0 0 0 0 0 0 0 0 0
4 5 0 0 0 0 0 0 0 0 0 0 0 0 0 0 0 0 0 0
4 5 0 0 0 0 0 0 0 0 0 0 0 0 0 0 0 0 0 0
4 5 0 0 0 0 0 0 0 0 0 0 0 0 0 0 0 0 0 0
4 4 5 0 0 0 0 0 0 0 0 0 0 0 0 0 0 0 0 0
4 5 0 0 0 0 0 0 0 0 0 0 0 0 0 0 0 0 0 0
4 5 0 0 0 0 0 0 0 0 0 0 0 0 0 0 0 0 0 0
4 5 0 0 0 0 0 0 0 0 0 0 0 0 0 0 0 0 0 0
4 5 0 0 0 0 0 0 0 0 0 0 0 0 0 0 0 0 0 0
4 4 5 0 0 0 0 0 0 0 0 0 0 0 0 0 0 0 0 0
0 0 0 0 0 0 0 0 0 0 0 0 0 0 0 0 0 0 0 0
4 0 0 0 0 0 0 0 0 0 0 0 0 0 0 0 0 0 0 0
4 5 0 0 0 0 0 0 0 0 0 0 0 0 0 0 0 0 0 0
4 4 5 0 0 0 0 0 0 0 0 0 0 0 0 0 0 0 0 0
4 4 5 0 0 0 0 0 0 0 0 0 0 0 0 0 0 0 0 0
4 5 0 0 0 0 0 0 0 0 0 0 0 0 0 0 0 0 0 0
4 5 0 0 0 0 0 0 0 0 0 0 0 0 0 0 0 0 0 0
4 4 5 0 0 0 0 0 0 0 0 0 0 0 0 0 0 0 0 0
4 4 5 0 0 0 0 0 0 0 0 0 0 0 0 0 0 0 0 0
4 4 5 0 0 0 0 0 0 0 0 0 0 0 0 0 0 0 0 0
4 4 5 0 0 0 0 0 0 0 0 0 0 0 0 0 0 0 0 0
4 5 0 0 0 0 0 0 0 0 0 0 0 0 0 0 0 0 0 0
4 5 0 0 0 0 0 0 0 0 0 0 0 0 0 0 0 0 0 0
4 4 5 0 0 0 0 0 0 0 0 0 0 0 0 0 0 0 0 0
4 4 5 0 0 0 0 0 0 0 0 0 0 0 0 0 0 0 0 0
4 5 0 0 0 0 0 0 0 0 0 0 0 0 0 0 0 0 0 0
4 5 0 0 0 0 0 0 0 0 0 0 0 0 0 0 0 0 0 0
4 5 0 0 0 0 0 0 0 0 0 0 0 0 0 0 0 0 0 0
4 5 0 0 0 0 0 0 0 0 0 0 0 0 0 0 0 0 0 0
4 4 5 0 0 0 0 0 0 0 0 0 0 0 0 0 0 0 0 0
4 5 0 0 0 0 0 0 0 0 0 0 0 0 0 0 0 0 0 0
4 5 0 0 0 0 0 0 0 0 0 0 0 0 0 0 0 0 0 0
4 5 0 0 0 0 0 0 0 0 0 0 0 0 0 0 0 0 0 0
4 4 5 0 0 0 0 0 0 0 0 0 0 0 0 0 0 0 0 0
4 5 0 0 0 0 0 0 0 0 0 0 0 0 0 0 0 0 0 0
4 5 0 0 0 0 0 0 0 0 0 0 0 0 0 0 0 0 0 0
4 5 0 0 0 0 0 0 0 0 0 0 0 0 0 0 0 0 0 0
4 5 0 0 0 0 0 0 0 0 0 0 0 0 0 0 0 0 0 0
4 5 0 0 0 0 0 0 0 0 0 0 0 0 0 0 0 0 0 0
4 5 4 4 5 0 0 0 0 0 0 0 0 0 0 0 0 0 0 0
4 5 0 0 0 0 0 0 0 0 0 0 0 0 0 0 0 0 0 0
4 5 0 0 0 0 0 0 0 0 0 0 0 0 0 0 0 0 0 0
