11 11 11 17 9 4 5 11 11 9 18 18 18 11 11 17 17 9 18 18
11 11 12 9 11 12 11 4 18 18 18 18 18 17 11 0 11 11 11 11
11 5 11 7 12 14 5 11 11 11 11 0 11 0 11 0 11 11 11 0
17 9 18 18 18 18 5 11 11 11 9 5 11 9 18 18 18 14 9 18
17 9 18 18 11 11 9 11 9 18 12 11 0 11 9 18 18 18 5 11
11 0 11 11 11 11 11 11 11 0 11 11 11 12 5 0 11 17 18 11
9 18 18 18 11 0 4 6 5 17 9 11 11 0 7 3 11 0 11 11
11 0 11 11 11 0 11 4 18 18 18 5 11 11 11 11 11 0 11 9
11 4 18 18 18 18 18 17 11 11 11 4 18 18 18 11 0 11 9 18
18 18 18 5 11 9 18 18 11 11 11 0 5 11 11 11 11 0 11 11
11 0 11 11 9 15 11 11 12 17 9 5 11 11 11 11 4 5 11 17
11 11 11 4 18 14 9 18 18 18 18 18 18 18 18 18 18 18 11 11
11 9 5 0 17 9 18 18 18 13 9 18 18 11 11 4 3 11 0 11
4 17 8 18 18 5 9 18 11 11 0 11 17 9 18 18 5 11 11 17
11 11 11 11 11 0 9 18 18 18 18 5 11 11 11 0 11 11 11 11
5 11 0 11 11 11 12 11 0 11 11 11 11 0 11 18 18 18 18 18
11 11 12 11 4 18 18 18 18 18 17 9 18 18 18 18 18 18 18 11
18 11 11 11 12 11 11 0 11 0 0 0 11 0 11 0 12 11 11 11
11 17 12 11 11 11 0 11 11 11 11 11 0 11 9 18 18 18 18 11
11 0 11 0 17 5 11 9 18 18 5 11 0 11 9 5 11 11 4 18
11 17 18 18 18 11 9 18 18 5 11 11 0 11 0 11 0 11 4 18
11 11 5 11 17 18 11 11 9 11 17 9 18 18 5 0 11 11 11 9
11 11 4 18 18 18 18 18 18 18 18 18 11 11 0 11 11 4 18 18
11 11 9 18 18 18 18 18 11 11 11 11 11 0 11 0 11 0 4 4
11 11 11 9 14 9 18 5 11 11 11 11 0 11 11 11 11 0 11 12
11 0 11 15 11 11 9 18 18 18 18 18 18 18 18 17 9 7 5 11
12 4 5 11 11 0 11 11 11 11 11 0 11 11 11 11 11 11 11 11
18 17 9 5 11 11 11 11 11 11 0 11 0 11 11 11 11 11 11 11
0 5 11 11 11 11 11 0 11 9 18 11 11 0 11 11 11 0 11 14
11 11 0 11 11 11 9 9 18 18 11 11 11 11 11 11 11 11 0 11
4 18 11 11 11 11 11 11 11 12 0 11 11 0 0 11 0 11 9 18
11 11 17 9 5 11 11 4 5 0 11 9 11 11 9 4 11 11 12 11
11 12 11 4 18 11 11 11 11 11 9 18 18 17 11 11 11 11 12 11
18 18 18 18 18 18 18 11 11 11 11 11 9 18 18 18 4 18 18 14
11 11 0 11 18 18 18 18 11 11 11 11 11 18 11 11 11 0 11 11
11 9 11 11 11 4 18 11 17 9 18 18 11 11 9 18 18 18 11 0
11 9 11 11 11 11 11 12 11 11 11 11 11 9 18 18 11 11 11 0
11 0 11 4 18 17 0 4 11 11 11 12 9 18 18 18 18 18 11 0
13 9 18 17 17 9 5 12 4 18 18 18 18 18 18 18 18 11 9 18
10 0 11 0 11 0 11 11 11 11 11 11 11 11 4 18 18 18 5 11
11 4 11 11 11 11 11 11 11 11 9 14 17 11 11 9 18 11 11 0
18 5 11 0 11 9 14 9 17 11 9 5 11 11 11 9 18 18 4 18
11 0 0 17 13 0 11 17 16 9 18 5 11 17 8 5 9 5 11 11
11 19 9 18 18 11 11 0 11 0 11 11 12 7 12 11 11 11 9 18
11 11 11 9 16 18 18 5 11 11 0 11 9 18 18 18 18 18 18 18
11 4 18 11 11 4 11 0 0 11 9 18 18 18 18 18 18 11 9 3
11 4 18 18 18 18 14 11 0 11 11 11 11 0 11 9 18 11 0 0
11 11 0 18 18 18 5 11 11 11 11 11 11 9 5 11 0 5 11 0
11 11 11 9 9 18 11 11 0 11 12 11 12 12 11 11 9 18 18 18
17 18 18 18 18 11 11 11 11 11 11 0 11 11 11 11 11 4 18 18
11 11 9 4 18 11 11 9 18 18 18 18 17 11 11 11 11 12 9 18
11 5 11 9 5 11 11 11 4 18 18 5 11 0 11 11 9 18 18 18
18 18 11 17 11 11 9 18 5 11 11 11 11 11 0 0 11 11 11 11
11 11 4 18 18 11 11 17 9 18 5 11 0 11 11 11 11 0 11 0
11 11 9 18 11 17 9 11 11 11 0 11 11 11 9 18 17 9 18 18
11 0 4 17 5 11 11 11 12 0 11 11 11 9 18 18 18 5 11 0
11 11 9 17 9 18 18 18 11 11 11 11 9 4 18 18 11 11 4 18
3 9 14 9 18 11 11 9 5 11 1 9 18 5 18 14 17 4 17 9
11 11 11 11 4 18 18 18 18 18 18 18 18 18 18 18 18 18 5 11
11 11 11 11 11 11 0 11 11 11 0 11 11 11 9 11 11 11 11 17
11 11 17 17 9 5 11 4 18 18 11 12 9 18 18 18 18 5 11 0
11 17 9 18 18 18 18 18 18 18 18 18 18 18 18 18 11 11 17 9
11 11 0 11 9 5 14 9 18 11 0 11 11 11 11 11 11 17 14 4
11 11 0 12 4 18 18 18 18 18 18 18 18 18 18 18 18 18 18 18
18 18 14 17 11 9 14 9 11 9 18 11 11 11 11 0 11 11 12 11
9 14 9 18 5 11 11 11 11 11 11 0 11 0 11 0 11 9 18 5
11 11 0 12 18 11 17 5 11 11 11 11 9 18 18 11 11 9 18 11
0 11 0 11 0 11 11 0 4 18 18 18 18 5 18 18 11 11 9 18
11 9 18 18 18 5 11 4 5 5 11 11 11 11 11 9 4 11 11 11
11 9 18 18 18 18 18 18 18 11 11 9 5 11 0 11 11 9 12 9
18 18 18 18 4 18 18 11 11 11 0 11 11 11 11 11 11 0 11 11
11 9 18 18 18 18 18 18 18 11 9 18 18 18 18 18 18 18 18 18
18 12 11 11 0 0 18 18 18 18 18 5 11 12 11 11 0 11 11 11
11 11 11 11 11 11 11 11 11 11 11 0 4 11 11 0 11 11 11 11
11 11 11 0 11 11 11 0 11 11 11 0 11 11 11 11 11 17 5 11
18 18 18 18 18 11 11 0 17 17 9 18 18 18 18 18 18 17 9 18
11 11 5 11 0 18 18 18 11 9 11 9 18 18 18 18 18 18 18 18
11 11 0 11 11 9 18 18 18 11 0 11 11 0 11 11 11 4 18 18
0 11 17 9 18 18 5 11 0 5 11 4 11 11 9 18 18 18 18 18
11 11 18 18 18 18 18 18 18 18 14 9 18 18 18 18 18 11 11 0
11 9 18 18 18 18 11 11 9 18 11 0 11 11 11 4 5 11 7 18
11 11 0 11 11 0 11 11 11 12 11 11 11 11 11 0 11 11 0 11
11 9 18 5 11 9 18 5 11 11 11 11 9 18 18 18 18 18 17 9
11 11 11 0 11 11 11 11 9 11 9 17 9 5 11 9 11 11 11 4
18 11 11 9 18 18 18 5 11 12 4 11 11 11 0 11 4 18 18 18
11 11 11 0 11 4 18 18 11 11 9 18 11 11 12 0 11 11 11 0
18 6 9 18 11 11 11 0 11 17 5 0 17 9 14 9 4 5 11 11
11 11 0 14 11 11 0 11 11 5 9 18 18 18 18 18 18 18 5 0
11 4 11 11 11 9 18 18 18 18 18 18 11 9 18 18 18 18 18 18
11 4 18 18 11 11 11 0 9 18 18 18 18 18 18 18 18 18 18 7
5 0 11 11 11 11 11 9 18 18 18 18 18 5 9 18 18 18 18 5
11 0 11 11 5 9 18 5 11 9 5 11 0 9 18 18 18 18 18 18
11 0 11 11 12 0 11 0 11 0 11 0 5 11 11 9 18 11 11 17
17 9 18 11 11 11 11 9 18 18 18 11 11 11 4 18 5 11 17 5
0 11 11 0 11 11 11 11 17 11 11 11 11 9 4 18 18 18 14 8
11 11 0 4 18 18 18 11 11 11 11 9 17 9 18 11 11 11 0 11
11 11 14 9 18 18 18 11 11 11 0 18 18 18 11 11 17 9 18 18
11 11 11 11 0 11 9 18 18 18 18 11 11 9 18 5 11 11 11 18
12 9 18 18 18 18 5 11 11 11 4 4 18 18 18 18 18 11 11 9
11 11 17 17 9 18 18 11 0 4 5 11 0 11 0 11 0 11 11 12
11 11 17 9 18 18 18 18 18 18 18 18 11 11 11 11 0 11 0 11
11 4 5 0 11 11 11 11 11 11 11 11 0 11 11 11 11 11 11 9
11 14 18 18 18 18 18 18 18 18 18 18 18 18 18 17 2 11 11 4
11 0 11 11 0 12 11 17 9 18 11 11 11 3 9 18 11 12 9 18
11 4 4 18 18 18 18 5 11 0 11 11 11 17 7 11 11 11 0 5
11 9 18 18 18 18 18 18 18 18 18 18 18 18 18 18 18 18 18 18
11 0 11 17 18 18 18 18 18 18 11 11 11 11 9 18 18 18 18 5
11 11 11 0 11 12 11 11 11 11 9 18 18 18 18 18 18 18 18 14
11 4 18 18 5 11 11 17 9 11 11 0 3 11 11 9 11 11 0 11
11 0 11 5 11 11 11 4 18 18 18 18 18 18 18 11 0 11 11 11
11 5 11 18 18 18 18 18 18 5 9 5 11 9 4 18 11 11 0 6
5 4 11 11 11 11 11 11 11 0 0 11 9 14 17 9 18 11 11 0
11 14 5 11 5 11 0 11 9 5 11 11 11 11 11 0 5 11 12 9
11 9 5 11 11 0 11 0 11 11 0 11 11 12 4 17 9 14 0 7
12 12 4 14 8 18 11 11 11 0 11 0 11 11 0 11 11 11 11 0
11 11 11 5 11 11 11 11 11 12 9 18 18 18 5 11 4 18 5 11
11 11 11 11 11 11 0 11 11 4 11 11 0 18 18 5 11 11 9 3
4 18 11 11 11 11 11 0 0 0 11 11 11 4 18 18 18 18 18 18
5 9 10 0 11 9 18 18 18 17 9 18 5 11 9 18 11 11 11 0
11 17 9 18 18 18 11 5 11 11 11 11 16 9 5 11 0 11 9 11
14 17 11 9 18 18 5 11 0 11 11 11 12 11 11 9 17 9 18 18
18 18 18 5 11 11 11 11 18 11 0 12 11 0 11 4 17 0 11 11
11 12 9 5 18 18 18 11 11 11 4 18 18 11 11 9 18 18 18 18
11 11 11 11 11 0 11 11 11 11 5 11 11 12 9 4 18 11 17 9
18 18 11 11 9 18 18 18 18 18 18 11 11 5 0 11 11 11 11 11
11 7 12 0 11 12 0 11 11 11 0 11 11 11 0 11 4 18 18 18
11 0 4 4 11 11 0 0 11 11 11 11 9 18 18 11 11 17 6 9
4 18 11 11 11 11 11 12 11 5 11 11 11 9 14 9 18 18 18 18
