13 22 25 24 5 29 10 1 8 3 24 26 11 8 16 12 8 14 17 10
17 29 17 6 31 3 21 1 20 8 18 16 31 13 23 26 21 6 29 8
5 0 5 18 21 14 10 7 14 28 30 4 24 13 15 1 27 22 27 7
12 25 0 22 28 26 26 19 2 9 8 1 16 1 21 13 2 3 19 18
0 23 1 26 1 19 25 0 5 28 12 12 23 1 31 7 5 24 24 7
18 20 1 6 2 29 6 2 7 25 3 14 19 21 15 19 30 27 19 1
29 26 12 23 25 6 13 5 3 21 9 16 24 23 18 22 12 21 7 24
31 27 7 11 2 7 13 29 9 16 5 28 9 14 19 13 22 4 29 14
28 10 1 17 8 20 26 6 15 20 30 13 14 26 24 29 0 30 8 16
8 11 9 12 8 7 6 12 0 21 18 22 1 19 8 12 5 31 0 12
18 28 7 12 2 21 25 15 1 8 3 26 2 27 2 26 23 27 31 11
26 6 10 18 6 15 5 11 28 28 28 14 3 11 3 11 13 10 0 23
7 13 29 17 0 26 25 28 31 11 28 23 8 6 4 26 22 17 31 12
8 16 10 11 3 1 16 31 20 7 10 24 30 14 5 19 1 17 24 29
10 25 22 10 10 0 19 29 29 23 28 25 28 7 29 6 8 21 9 21
18 31 7 28 5 1 28 3 0 2 12 11 19 17 19 2 26 2 14 19
11 27 2 22 13 16 14 14 18 4 19 27 29 22 6 25 1 27 16 19
8 4 31 14 27 16 24 1 26 25 18 31 20 5 0 30 21 28 17 8
28 22 8 30 23 20 17 8 6 23 11 15 24 9 4 16 30 18 30 16
31 14 30 23 7 30 5 11 2 22 28 21 27 19 12 15 20 4 23 31
4 23 19 20 3 6 0 8 8 15 18 10 12 11 16 7 6 25 18 24
10 7 28 6 10 2 8 10 9 9 19 3 22 14 23 16 29 29 8 13
5 4 21 15 26 6 31 4 22 21 0 12 27 16 4 2 22 25 10 28
17 5 22 6 26 7 16 15 26 28 16 30 29 25 26 30 13 6 21 13
3 24 21 7 15 15 2 25 19 9 31 28 6 20 14 29 25 3 23 6
15 23 14 16 18 31 2 16 5 0 16 31 4 24 22 18 9 6 25 19
2 2 8 15 28 24 14 27 15 30 30 20 23 25 2 2 12 21 10 1
30 31 21 25 5 8 26 15 11 23 28 15 4 19 5 24 16 16 12 21
10 3 27 28 30 23 26 15 7 22 26 19 23 18 13 24 21 14 11 23
17 3 3 5 14 1 18 18 24 25 23 9 18 29 10 10 9 27 8 4
30 24 23 9 17 23 30 13 21 22 29 15 0 5 27 27 7 21 13 25
8 4 28 7 28 10 14 19 14 14 21 14 21 10 25 28 19 7 8 26
25 16 9 9 4 30 16 2 1 26 14 22 26 13 26 31 24 3 11 3
8 22 1 24 14 9 2 0 5 0 19 16 25 16 1 12 12 5 26 18
12 0 21 29 11 4 31 27 23 24 28 24 17 2 18 22 3 13 16 23
5 30 14 17 16 9 25 25 7 12 30 15 26 18 10 23 7 15 0 20
31 14 5 5 30 17 19 5 6 25 3 16 18 17 27 15 7 12 18 22
23 20 18 14 9 14 29 27 24 5 25 9 3 29 24 13 21 11 19 21
8 26 20 25 15 26 27 25 4 26 0 18 13 12 14 18 19 24 0 8
10 9 13 26 12 27 10 22 0 7 19 13 29 3 22 7 8 5 8 21
28 2 14 16 1 18 19 22 4 27 0 22 19 2 28 7 16 17 25 1
10 23 14 6 16 10 25 4 5 16 18 6 16 13 27 22 2 25 2 20
31 7 6 6 8 17 3 6 7 17 21 9 0 12 5 10 5 0 13 16
13 0 11 13 21 1 24 3 12 3 30 14 5 18 21 27 8 2 14 4
2 21 19 16 15 25 24 17 9 17 25 0 6 21 3 14 0 1 18 16
9 28 14 20 25 18 16 15 13 27 14 0 19 0 20 14 26 8 8 9
14 23 1 20 27 6 19 3 11 4 13 9 25 10 15 11 27 31 20 7
26 15 26 19 14 8 9 10 1 6 30 30 7 8 21 15 26 22 5 9
12 29 26 11 2 13 14 16 24 10 30 29 13 5 27 12 23 13 13 27
0 4 6 5 14 8 30 24 25 25 5 8 4 5 7 8 6 16 1 29
31 14 6 11 13 24 23 30 27 4 4 13 21 18 29 30 28 27 3 21
10 4 3 6 18 8 3 28 14 3 28 18 10 21 4 30 31 16 31 3
29 21 19 13 12 2 4 6 4 27 22 29 23 30 14 31 20 3 22 11
27 14 12 7 0 10 9 3 14 2 27 20 0 11 2 1 6 9 9 28
31 28 22 1 2 24 1 14 24 6 30 30 4 0 30 9 12 11 22 5
17 8 23 16 23 6 13 16 1 30 1 24 13 27 19 11 27 0 19 28
19 28 31 18 16 12 21 16 7 12 16 26 1 16 27 19 14 22 21 11
10 23 3 20 30 2 30 28 13 27 11 12 22 28 12 8 11 24 2 6
8 3 27 15 6 2 7 3 12 18 25 13 19 15 26 6 17 23 20 18
23 22 27 25 3 22 25 19 17 21 8 30 1 8 0 29 12 2 10 21
30 5 19 15 9 29 30 27 26 31 5 11 14 13 10 28 27 17 30 6
11 0 23 21 4 27 29 18 15 26 12 25 5 18 3 26 0 26 8 30
7 30 25 4 3 11 1 25 26 4 24 18 30 11 26 20 23 19 15 14
15 27 27 23 27 6 29 19 17 17 27 20 21 25 31 2 28 25 0 10
1 13 17 4 18 12 30 16 25 25 6 22 23 30 26 11 30 0 8 15
0 28 30 21 6 1 22 10 4 2 8 1 11 11 26 26 25 11 10 1
20 10 0 10 9 12 8 15 17 20 18 30 11 12 29 2 7 28 29 18
2 0 20 25 15 9 0 2 3 17 2 23 24 28 20 18 20 2 11 2
23 6 30 6 15 2 14 6 23 9 15 31 18 28 12 29 31 20 24 12
30 18 27 17 10 16 17 0 30 31 18 11 13 5 9 28 9 24 5 11
28 5 7 23 18 2 26 19 31 14 21 29 21 1 11 4 23 18 28 24
9 8 28 1 23 11 23 10 15 20 14 10 27 15 10 28 20 17 20 14
6 21 29 27 15 1 25 8 30 29 28 2 16 3 2 5 16 1 15 27
1 12 19 6 4 11 22 14 4 16 7 14 22 29 11 15 27 5 19 1
3 12 25 5 23 18 17 31 11 9 9 22 9 14 16 23 3 9 27 19
30 28 21 12 16 24 20 2 20 29 28 27 21 0 14 11 30 26 1 3
16 27 9 14 31 0 10 1 26 4 13 12 11 26 26 30 9 26 19 25
4 8 27 15 6 30 11 18 29 24 0 27 3 15 4 9 23 31 2 22
9 12 22 13 5 11 13 7 6 5 24 5 21 11 8 2 12 12 26 0
3 31 23 23 25 1 9 17 0 31 10 30 25 29 0 29 4 25 17 7
27 21 21 14 20 21 4 27 10 20 7 14 10 23 11 29 10 9 19 6
6 18 28 7 30 10 17 3 26 11 26 23 22 23 13 5 31 27 4 28
16 18 23 10 6 9 30 27 31 13 26 1 5 15 11 25 20 25 2 22
30 26 13 8 23 2 22 2 11 31 6 23 6 1 0 24 13 7 17 25
9 12 21 16 22 11 2 8 14 19 14 11 20 8 10 8 25 21 17 7
4 14 17 25 10 25 20 21 24 29 5 18 11 5 27 27 3 6 13 0
8 16 9 3 16 17 30 14 25 30 5 29 20 3 11 11 29 29 1 10
19 0 3 22 0 18 26 17 30 26 10 9 3 21 20 27 9 0 4 6
3 27 3 1 11 4 13 15 6 26 29 29 8 1 22 28 26 26 28 11
9 13 13 30 9 5 4 11 21 30 31 16 22 26 14 30 19 28 25 12
6 10 24 10 10 7 28 21 25 31 31 27 7 30 3 31 25 11 8 28
10 19 29 17 13 22 26 6 17 14 20 8 30 4 17 22 0 18 6 6
1 11 4 8 17 30 30 25 30 21 16 1 26 2 18 18 31 0 24 7
11 17 18 12 2 4 7 23 17 7 1 23 23 24 11 4 7 9 3 7
20 26 31 30 7 22 5 4 17 4 10 19 1 1 22 5 24 6 9 2
21 22 2 3 2 26 18 17 4 18 22 9 14 26 24 20 12 29 10 31
16 30 29 25 30 1 14 30 14 19 2 20 20 18 19 18 29 7 17 10
6 16 18 4 17 25 4 13 1 29 7 9 28 15 26 12 19 4 19 31
0 26 14 0 5 15 29 19 17 11 5 9 17 29 26 2 1 13 14 6
16 13 25 10 24 29 2 11 23 6 2 15 0 1 16 27 30 12 10 12
23 12 18 25 9 19 16 9 5 11 23 0 27 17 17 3 5 13 26 21
1 15 1 7 12 4 27 30 11 30 5 24 23 19 18 3 19 0 13 23
19 16 25 15 13 9 29 0 23 27 27 31 26 21 10 22 24 19 7 19
5 25 19 10 1 1 19 3 0 30 26 23 13 28 13 9 10 17 8 24
20 21 22 6 11 8 25 17 3 20 11 19 19 16 12 13 1 1 21 16
23 16 30 27 4 7 18 7 24 28 24 28 25 31 11 28 9 28 9 23
1 23 30 19 10 29 10 14 1 8 3 13 5 16 26 24 13 30 29 17
28 25 9 1 30 2 30 18 5 27 27 19 31 2 16 30 12 8 27 31
31 28 24 13 13 27 26 21 6 2 2 19 14 24 15 22 19 21 29 4
28 21 10 21 3 17 30 21 22 19 12 24 31 30 23 7 14 10 2 27
13 18 25 26 17 22 17 29 26 21 6 11 19 25 18 2 4 27 22 25
13 18 15 14 25 0 26 30 10 27 19 27 2 0 11 17 13 31 1 18
17 7 19 0 17 6 18 4 30 29 14 4 29 13 23 11 16 29 27 5
24 5 29 18 0 28 6 30 16 26 12 1 6 8 23 4 11 10 1 21
5 6 12 6 4 0 20 9 23 28 1 26 23 8 19 4 18 21 4 27
30 10 27 18 31 26 29 23 29 13 8 19 28 7 26 5 18 25 17 12
10 11 16 5 21 19 26 17 24 0 5 29 23 3 16 17 21 13 12 27
3 17 30 14 29 29 20 9 23 18 24 11 0 5 7 6 9 18 6 25
17 0 4 14 7 29 1 27 13 22 1 30 10 8 5 27 3 23 17 2
2 24 30 12 27 9 25 16 20 8 19 22 20 8 19 6 6 22 19 29
15 3 4 13 1 4 6 28 12 25 31 15 29 10 8 21 22 7 6 13
26 1 6 5 11 0 24 0 24 19 1 29 12 0 7 30 16 0 30 23
25 19 17 5 13 22 2 9 11 30 22 3 24 14 2 13 29 5 24 18
3 10 28 6 13 25 9 3 8 14 24 23 13 9 21 18 1 21 13 7
4 16 24 3 31 24 9 23 4 22 16 0 10 21 8 7 10 29 24 2
11 22 0 0 23 0 31 8 26 2 30 9 28 21 28 20 26 0 2 27
17 2 0 9 10 17 27 10 30 11 23 20 2 11 4 7 31 11 27 15
9 1 0 11 16 29 12 13 11 5 31 12 14 26 20 6 30 20 22 9
