2346 2636 3205 756 1571 1349 1744 2899 890 3572 3937 247 4703 2204 4359 46 1262 1045 407 4322
3359 3552 4931 829 2625 1052 264 1110 3881 2779 4833 4635 1952 3711 3043 3227 52 1539 780 1468
2837 3149 2611 83 1025 1807 4544 2353 292 4199 2518 2133 1056 3529 823 4020 608 1493 3732 2310
2330 2302 2053 2096 3559 4421 781 2087 3251 2961 1038 926 267 2564 914 2185 3135 348 2838 1432
2126 2772 1217 3615 1265 1919 1397 871 3936 265 2200 1899 2590 3626 2810 2599 96 3801 3566 1372
2291 801 4560 4416 99 1986 2264 4141 1180 2673 4095 4160 3441 744 2123 2931 2838 2240 1671 3300
284 3653 3242 2954 4860 4461 2025 2695 1312 57 773 4951 3845 590 4824 1679 4522 2139 3162 4269
3545 4739 3688 4901 3378 986 1689 2152 3616 1105 3220 947 2548 4497 2482 4464 2490 2812 369 2647
1271 2853 1271 2101 1107 2111 3312 2783 3089 3620 2328 2220 1143 710 1557 4233 1814 947 4533 3357
3851 787 3820 570 3559 1659 4757 3263 2409 1927 429 3713 2047 3610 871 1833 3779 3672 3207 3684
2073 583 3771 2583 3865 206 2289 1029 4994 431 4582 3431 410 900 1371 3510 2431 974 2390 1414
4137 3225 1504 4548 2369 2066 1208 2445 4266 3199 909 728 473 1478 4535 835 3309 4704 4996 462
1594 1827 427 4477 3871 2853 3814 104 1925 1895 4172 1233 102 331 3849 4521 4002 3069 3243 1662
3096 466 3347 1414 4381 884 779 355 915 1523 3396 3013 1848 2900 4012 3602 483 649 4942 2805
2174 1957 796 257 1134 2563 2216 2740 1284 3186 4857 3014 4418 3540 4808 1847 2562 2814 310 3774
1865 3983 4698 126 1432 3756 9 3464 1999 827 609 2640 4273 3980 3039 3860 4054 4798 1791 4028
993 2664 2882 4473 3475 3680 296 947 201 2721 4931 4503 3904 567 128 1623 4788 4853 428 2896
2292 4104 4503 3836 248 1758 4303 3097 1705 950 4186 2388 3605 717 4126 2593 2441 4072 3467 2828
10 2059 4690 1683 841 3015 4857 3710 445 4541 362 4642 2802 3158 2712 668 2450 4376 4079 588
4433 4024 3385 2727 1592 3017 4162 2892 1756 2085 1582 1996 3152 1828 2404 567 2219 4602 2791 952
3585 4574 392 340 2912 2904 1990 728 2648 4180 996 4338 1067 3665 3964 1981 3027 2522 2619 2167
4844 1242 2926 3140 1454 3097 2749 154 3702 4295 1507 4730 618 3717 1424 2881 2975 855 940 4115
81 4294 3491 1921 44 3318 4715 434 533 672 4316 4286 1025 4421 2356 4954 1523 3384 2707 2888
2795 3101 2340 3064 4486 2465 2572 69 3018 4305 1052 3366 1874 1497 3875 3554 2456 1750 2412 2001
1320 4153 719 1874 2288 4407 2261 2301 2139 4562 3659 515 2915 2606 4118 2555 4484 2734 108 1660
1656 2052 4608 3 2634 4889 4716 385 3520 2914 3026 4186 828 1470 2474 4197 397 3029 2652 985
220 1669 2249 2895 2920 4795 2405 3663 747 4483 2448 3993 2072 3826 2380 1365 3389 2148 3736 2768
1240 1078 1385 1205 4843 2360 4317 2186 4329 66 3930 4621 4677 4355 3193 2187 3200 3844 692 3384
3604 1296 2380 4799 2775 1604 3861 4287 1688 2693 1508 2382 4044 1669 1589 1511 1892 3276 2373 1726
2178 90 3674 2507 1338 763 1833 4449 3799 1987 4489 1534 714 2178 4028 191 4491 2854 2850 3581
4342 2526 3623 308 128 455 4236 1256 3595 4845 3551 4141 4024 2046 4293 3638 557 4246 3366 4121
1858 2009 4781 4002 4461 3904 432 794 2854 1887 2742 1319 4564 3891 132 4382 2607 2453 3904 3026
410 4631 4128 1594 1553 2012 3202 249 4571 1565 4767 872 4040 2441 4913 4485 2448 4382 740 1971
4516 2313 1135 3836 1854 4848 1048 3568 81 4988 3076 4172 4246 3652 2250 2658 130 4205 1961 4755
154 979 643 1252 763 1564 3601 656 3440 3110 3326 833 1330 2351 1307 4233 349 1378 2672 1440
1199 1648 3741 2177 4718 3422 782 2185 3190 3904 4505 1210 847 1261 3423 4719 685 1167 2576 4720
3270 3208 1189 1985 3319 4857 574 1808 2852 1340 2233 2823 4765 1903 4556 3529 2450 3382 4680 176
1916 2092 1297 3768 2914 806 2170 1253 2918 2976 3097 4318 4016 982 3712 2304 778 3728 3840 2122
1013 1444 146 3304 2939 2270 813 2170 3825 2457 342 3959 1502 4313 1089 3896 1871 1982 1726 2382
3078 3179 3750 688 4586 3059 3755 116 559 2529 951 1483 3420 1711 3609 684 1542 1935 2268 3652
4170 1957 3613 3231 2276 167 984 2844 2620 97 1039 892 1253 1831 2690 2847 909 585 1172 1221
2997 2314 3549 1142 796 1149 4978 117 3474 1062 4108 4755 4663 1065 218 4648 3832 3680 4345 2567
389 3829 1722 630 1696 4083 717 663 3318 1781 1615 2676 3977 4882 1789 3054 4753 3644 2995 3778
3022 3524 580 3359 152 4986 2003 3387 2865 2751 4437 2928 3565 513 1199 800 114 4224 2598 4318
2090 4351 4206 3527 2571 226 3087 3467 3081 315 1554 4842 2219 417 1051 4880 1743 4021 1469 3067
1750 3346 1392 4302 113 723 77 4810 2414 4963 3681 4028 1444 535 4536 2480 3429 3120 1215 4111
3221 1097 2235 140 2128 3525 946 2560 4041 791 529 4431 310 3439 1152 1765 2369 1231 3882 4009
3159 1827 2098 1261 3102 4411 2086 187 1495 645 970 19 1966 4838 3147 2586 4483 4401 217 637
4946 2042 3845 1816 895 2332 1419 2206 2625 1940 2481 294 4774 2810 1471 4190 1937 3431 2008 1331
972 1528 3659 5 4070 1990 496 594 2105 4809 2999 2770 94 4000 2355 3118 4817 1107 1125 965
334 2659 1826 4013 1776 4250 4115 2893 1156 1392 4129 1757 2662 3358 2507 828 1454 4231 527 4149
162 4809 1736 1046 3831 4511 2196 2067 3766 647 336 3246 1457 2080 886 2764 1814 3171 1504 4591
1772 2287 2980 3091 64 1623 4131 3241 579 2148 4559 997 4384 2702 3264 1927 467 729 3513 3237
848 4510 3019 598 4726 393 3261 3702 1554 182 4780 2723 1768 3973 2937 721 4180 3700 4083 2995
2793 3426 823 4648 3148 2259 331 4605 2404 3633 2961 3723 1728 2499 3436 823 1451 812 4095 4644
4051 3945 3876 2537 1149 910 975 4363 3447 2235 4768 2098 2112 2347 424 4490 813 1183 485 1897
1903 3865 3834 3499 3066 340 2163 1612 1760 4322 3362 2087 646 2157 3174 3593 1892 3889 3288 952
3327 558 4381 1313 3648 418 1918 2150 1726 2911 4988 4317 3761 2653 1435 2226 3063 2120 2186 3928
1555 2465 3887 3828 4386 3005 936 3868 1098 4853 904 2383 2210 3740 2660 17 4609 624 4718 1077
2928 703 506 4726 288 4295 4474 1017 2807 3818 1769 2687 3683 4321 3220 4235 3900 3344 1406 4105
3596 1079 4559 3049 2787 4316 2061 4682 164 4852 1119 3036 4570 4466 38 4304 2467 1578 3410 789
3868 4938 1641 1373 255 447 4857 3782 4126 1283 2736 4445 2122 86 1968 4330 146 537 2609 2655
2186 2850 1098 2962 2562 1572 3890 1054 4185 675 1034 4729 2529 4535 2276 1676 834 3304 4213 4006
1300 4317 2349 686 4827 2268 4719 1021 1303 1499 3733 1633 3306 3758 3736 3774 1032 2007 1757 4128
2157 1517 3156 1840 1675 2120 907 4029 4992 3869 14 1885 3440 364 3156 2882 2968 2553 2541 3955
862 2300 3975 2141 1935 507 4989 4398 99 4592 4438 1552 3190 1700 1153 4484 3218 2667 2164 3159
2654 264 1964 577 3062 507 2271 2051 1049 1069 2016 42 4998 2394 789 2460 1224 387 4705 4353
3485 421 3337 2100 2474 4553 3077 103 258 1462 1683 4235 3125 154 4965 1198 2462 3924 2459 3455
69 3895 2173 294 771 2829 1060 415 1316 2497 1967 3818 762 1861 4439 1532 2206 838 568 159
4550 3402 2799 2965 1052 3645 197 4851 3450 4295 3222 264 2464 2728 2447 957 1242 2018 3162 2283
4661 1943 472 3015 257 191 1977 2916 1623 3851 4952 210 4943 3763 4121 1755 422 1605 4641 4803
4992 3922 837 445 2505 4015 1958 3135 333 3614 1726 1430 927 2413 3332 3015 1717 565 2275 2342
4230 1569 3380 2079 4544 1320 56 4476 1131 3803 1341 2174 571 346 4327 1793 1412 515 3863 3993
3420 629 2303 1395 2889 4012 2983 22 3044 111 760 1066 606 4051 4302 4677 2286 895 4025 4730
4518 4944 2485 808 457 1111 2119 1968 2758 88 2810 125 955 1285 862 225 417 2332 4146 1826
1355 1704 1835 2959 4823 1062 3847 2621 3362 2865 1366 814 2942 2710 3359 4625 1013 2135 2365 4536
450 613 3518 1033 2530 1762 319 3361 2578 1091 4585 1633 463 3852 2425 3092 852 113 2311 2729
1878 2496 413 1733 3400 1271 4564 4927 800 2634 3887 303 1704 751 123 2306 673 3378 604 2370
4137 1470 2449 2497 2460 706 563 3209 4371 3072 1760 1377 71 4464 2396 1760 1012 2175 1243 911
2984 799 237 3441 2108 42 3869 33 1275 342 3327 4531 3929 2186 4034 3410 3307 4253 724 3732
2691 2868 838 2575 747 494 2571 2784 4857 4406 908 1409 3265 19 1473 223 3048 4271 253 2090
3011 930 3096 3716 3113 3365 89 4733 3309 2283 4536 3255 1938 2227 3556 233 3399 3619 4444 631
537 4894 4122 403 48 1380 85 1742 2047 2671 4978 1177 2582 4845 1975 2653 3538 376 1505 1551
3106 336 1225 3713 2009 2788 4113 4142 2267 3974 2109 4662 3905 51 1788 2443 2724 1092 1222 13
1881 1292 1450 577 4106 3392 539 2882 2365 3229 1886 3464 621 2191 1343 1116 3154 578 2150 1701
1874 2271 2250 319 763 4279 1881 3935 982 854 3729 4839 105 3413 153 2073 80 3778 2531 453
3795 3391 989 3043 2103 1086 1738 941 4452 4685 245 4379 2725 4804 1882 3363 2945 4373 1555 3682
1939 2434 609 834 479 2751 494 862 4090 2787 3201 1679 4092 2677 3677 222 2240 288 2790 1378
1509 1046 3820 2919 718 3520 4694 4373 1877 2209 2337 841 4999 627 4871 383 3088 993 3971 4401
3016 2203 4622 4058 3570 3960 3621 91 2764 1061 361 3794 15 4190 3294 429 242 1292 4307 3641
3353 315 1450 3362 3659 722 2665 3952 4366 385 2429 343 80 4904 1007 2844 3196 3226 1517 2719
1747 4805 2093 2164 458 96 799 4106 3304 4 467 2097 3817 4906 4016 217 133 1949 2565 1421
2551 3805 1209 2373 2895 2250 394 1946 3883 3726 1957 4229 4042 2467 3659 4875 1769 1048 4113 3436
1441 1831 1615 878 1386 808 3132 2961 4101 2334 4443 2696 4797 3545 1482 1338 4199 2863 1532 528
1164 2371 1010 3902 4576 2989 1323 503 1823 1002 1312 84 422 3194 2931 3108 4078 4327 3155 2554
1595 3886 4473 54 4703 2180 2525 182 4601 1826 3201 2498 4605 1606 4811 3358 4340 681 3126 51
2983 126 2494 3813 3007 1359 4382 2406 1920 2 344 1885 2939 975 132 1886 1562 2665 134 3042
1680 4249 596 1927 2501 1642 3571 2184 1763 4719 3907 1185 626 775 2211 2234 2666 3075 3261 2041
2021 3529 2521 4330 748 4851 4901 4583 1037 1174 1500 2756 4327 1818 602 914 580 651 2922 1984
4122 3311 1115 1491 4958 2418 1118 4619 2851 4112 925 2248 4852 1574 1822 2149 2969 1190 1113 306
2854 2983 4905 3623 3075 2912 4913 3262 799 1805 3782 1732 4555 2099 510 4918 1299 3831 4451 384
2381 3208 4078 145 1614 4849 3311 3860 2791 3432 753 1749 3152 1434 4132 2268 1788 3439 2122 4585
4827 2338 693 4292 1514 1928 3775 3771 1315 2403 4174 945 1754 1439 4774 4486 3568 3491 2973 862
616 1024 1137 2084 15 4459 3978 947 3589 2072 98 2298 1506 386 951 4160 1715 3041 653 3440
3975 833 1929 1467 2539 3043 4431 1890 1280 702 4679 2547 579 2591 4759 2245 334 4988 276 4535
4616 3255 2583 3739 229 3360 1084 1689 2846 3541 4842 2192 3829 4400 2282 1930 2399 1017 2186 4839
1924 1440 3151 4075 3461 4124 4166 2942 1494 749 1982 1568 2095 4434 3308 2948 150 4361 1166 1810
2430 2034 668 1929 4065 2998 1429 2197 1007 3749 1702 1667 1861 3650 3976 3599 3952 3113 3013 2527
4807 467 213 399 1261 1796 3832 1595 3803 4128 891 768 3118 4539 1075 4229 1631 3808 3827 927
3034 3900 4900 416 1993 3137 3752 4732 2306 2363 1832 1215 4834 6 3175 3533 865 3158 576 2142
4319 1850 3689 4985 3772 3630 4212 808 314 2485 1431 270 102 607 1284 4063 744 2622 2440 1574
72 611 1428 4695 4546 4431 1819 902 3753 2727 2404 2079 4956 1479 2469 3483 1448 1898 2733 743
3140 1424 4850 193 4689 1219 4690 4139 2177 882 4484 4397 1833 4555 2224 2672 3761 4291 1836 3879
3747 4570 959 436 2007 3446 3785 72 4466 4737 817 2930 597 3083 2139 2370 763 2683 4434 4753
259 265 2483 3330 2723 4766 4913 4790 720 4492 2199 491 2391 3743 4608 2180 1317 4655 795 3802
4667 4637 441 902 937 2686 1804 2355 979 4022 2213 544 2757 3252 280 1401 377 1448 2295 1400
3682 4554 3194 3116 4503 3782 3300 2212 2817 1098 1614 2837 950 4194 2317 3073 2543 4293 1002 2436
1537 2695 721 3224 414 929 1666 2472 2344 2772 1064 855 1727 3187 1692 4800 4428 1406 4720 4582
2107 421 3017 3829 1199 398 3406 4088 3011 1729 1476 451 551 1695 1867 4156 4454 1764 3104 1602
2825 3987 290 4247 3792 2859 384 775 4829 2747 4898 4266 1065 899 2691 3084 328 650 603 3132
2840 1439 4329 3891 1702 4799 4212 3642 4962 2250 3543 4375 2310 1203 2411 4544 461 3308 3184 1813
266 944 1310 4429 4197 282 2864 4839 3801 3580 1593 4549 4232 3508 49 589 4258 999 1511 2459
892 949 2062 1301 1370 4395 419 2124 413 3985 179 132 3688 2746 963 3390 2233 3563 295 4709
3616 3441 215 4014 87 25 3539 1162 3058 371 2692 4274 4530 4309 2663 2539 2849 1773 695 1223
3233 3516 2458 3415 3029 2640 4265 1697 4344 3733 4319 3328 3852 107 1129 2851 1692 4613 682 1412
2733 3499 1052 3555 422 745 3346 3262 945 3083 3368 4358 2548 2406 2641 130 816 2965 2203 1116
2085 3658 3664 4759 2228 484 2209 3954 434 2980 2343 613 4641 2995 4687 727 1767 2955 4646 2420
7 4382 636 2253 4550 3322 2865 38 2469 1776 3197 790 2114 1583 3376 3388 2113 4707 2344 4469
