2719 3418 2745 4780 3275 3760 279 676 3049 1324 4380 3112 1913 3159 2528 4506 426 2649 3205 1066
3568 1103 1411 4428 4688 586 859 1411 682 1713 319 1262 1875 1157 549 2582 2584 1029 1579 2878
891 4075 2153 1968 304 796 3480 2087 1436 691 2298 2062 4761 4800 550 4206 1267 133 4780 3226
2690 2128 658 4285 3462 3421 1086 3352 1568 3006 2749 3205 1619 847 3890 1501 3668 2649 2668 317
3823 656 443 1009 2740 1429 3585 3733 938 3660 611 3048 1601 4761 1863 43 3568 3491 753 4809
785 135 1904 2649 1599 4210 2660 2950 3855 3886 2887 3218 2880 621 977 2706 2870 426 4730 744
259 2439 822 3076 279 608 4907 4765 2137 54 1601 3381 67 4432 2677 1533 3009 2495 2096 1324
1423 1445 247 4923 3341 4143 4780 2070 2663 2212 1828 771 4737 2996 2113 138 3993 2153 4481 4888
591 3380 4757 4135 5 2125 3043 3303 945 2315 2137 440 2275 4796 3491 2013 505 4105 2047 3425
4031 4350 3254 2283 971 2976 2870 2709 750 857 1398 2604 1456 1313 4923 4220 4176 565 3431 1427
2901 3693 3783 45 3273 2741 3526 3912 3662 2763 4855 1743 4780 1627 4628 3438 1279 1789 897 1745
4780 2916 133 4780 4624 4298 3149 3561 4780 2341 3677 4107 4757 3387 1658 2495 734 2676 1879 2533
1170 438 4325 3815 2090 1946 3230 2676 476 2385 438 2694 2013 1113 1789 1162 496 2487 1850 3206
3380 1601 2939 1294 1295 4775 4090 4780 618 1998 418 87 420 2457 4401 4399 838 4495 852 4387
1965 4577 4492 4729 2564 859 4999 4589 86 795 2741 2887 3712 3724 3757 2345 666 4816 302 1457
2511 1145 774 856 741 910 3491 1714 2427 1302 1145 1167 3059 1475 4708 4693 328 4669 2156 1266
859 3822 4986 1241 1096 4014 3779 289 4741 1233 2732 3149 1674 4090 4182 1459 1090 2758 950 1381
597 2660 3819 4907 2810 2995 2342 3380 4890 2050 1335 3308 1147 762 2638 2278 3060 856 4780 4757
4780 2676 2107 4780 3443 1184 2279 2754 3149 427 872 3122 324 4780 3466 4373 232 4107 888 2638
591 1917 2294 1218 4918 737 3839 3660 4199 3568 2512 1440 4378 3019 2129 3223 2346 4923 4703 1762
1652 3822 3035 4710 3481 1201 4247 3508 1881 2050 4151 2431 232 1103 2547 3303 4309 1574 4624 3408
4780 3243 2234 4392 1623 3129 1631 1635 2481 3568 208 4482 786 3972 4855 1427 3879 1324 2553 1743
1044 4568 2271 1725 109 771 2734 490 2332 1802 4329 1702 3387 1563 1353 916 1268 4888 307 4126
1254 1887 234 2913 4090 1933 2032 4095 1075 1984 3928 1658 2730 4292 3089 2020 3174 4065 4757 4921
2049 4087 3903 4708 579 3556 762 840 427 4331 252 1388 4377 855 1910 3157 3145 3916 2056 2283
407 832 793 957 2301 4234 1604 3935 3578 4111 3028 558 1194 1635 164 4186 1381 884 1774 4179
1289 2761 1619 4217 2985 3532 1830 2995 3742 3812 3223 4950 1814 2800 3465 2358 449 3733 1827 3463
3568 2528 498 3049 2280 548 521 2594 104 4401 232 1257 3345 3648 2992 1603 2642 1240 3773 2610
4151 2818 2128 4584 1109 4373 4757 3728 2457 3368 3585 2476 2313 3362 4685 581 4855 586 54 2985
1652 3473 3590 4380 1086 3491 662 2357 949 3316 4827 4831 3463 966 3757 3129 1113 4095 1344 432
3984 788 698 1828 2209 4458 4140 1757 3314 2415 4757 4803 4613 2184 646 3003 2296 4870 4855 3590
1962 846 1274 3756 4806 1470 1799 1241 4432 4285 3944 1294 2014 1790 573 3500 354 200 1279 1329
1108 4807 1170 3684 4226 3259 1673 3262 774 2659 2418 1728 1819 853 4716 795 986 2882 1041 1501
591 1929 3746 3278 874 3223 4993 2440 4950 2379 2580 4585 1367 3616 4780 4272 1344 4272 4541 3618
2741 3954 171 2300 2106 3746 3158 996 1268 2277 3711 830 1294 1153 514 3818 3735 751 1272 745
4002 313 3769 2594 3372 3967 3529 3828 2620 259 2013 705 3608 2753 2262 403 3205 4206 3293 2629
591 1924 828 1997 135 1893 3117 1124 215 4735 3515 1604 3649 1968 4923 3355 956 1951 2881 3101
4407 4232 2129 4130 248 3675 1006 3585 4 4780 1788 2779 4719 791 791 2342 2867 3365 3717 52
4735 4544 4673 89 803 1046 4398 2699 3174 1533 1746 799 1474 4501 4855 855 1110 2996 2392 1711
1769 2686 2029 1027 1604 3665 3232 4923 4285 906 855 989 4324 3566 1063 1402 2347 3273 84 3617
4186 1268 1398 2561 4718 3139 2674 1990 1143 2303 4309 2713 3124 1086 2137 2561 265 2506 1960 2319
4270 3658 3117 903 1763 2000 4499 1274 2080 258 3786 4105 87 2788 3760 3191 1294 540 4220 1349
1561 193 4167 2368 3598 3303 2663 253 719 298 2391 3966 1925 1652 1955 1955 3189 4329 2995 1328
1652 2662 743 876 1094 2060 3035 686 2071 3887 3776 1629 2849 11 3448 3842 828 1760 183 455
4780 4543 3244 1190 4243 387 438 438 438 438 438 438 438 3000 656 1066 3626 2312 1885 2156
4475 3568 1103 4290 2870 2223 4273 2749 1189 3037 2248 449 2947 4590 1710 4731 2093 54 3439 2648
1378 1986 4528 521 3507 1502 1686 1725 3908 304 4016 4151 4292 2628 2870 1470 2093 4312 1240 2677
2535 4693 1772 1118 4730 4861 4892 314 3381 3196 3291 3617 3746 3648 3371 760 2995 4259 1297 2390
591 3122 5 3572 1041 4498 4976 3710 3117 421 1728 482 842 1162 3783 2243 1300 2441 4163 3380
4165 2390 1598 2955 3979 2703 4064 4095 1941 2384 2384 3734 787 3798 3671 744 1457 1294 3455 945
591 3508 1846 2674 1389 3027 4938 4780 3461 3663 1550 2754 4855 1441 2415 4772 875 4184 2895 2047
4193 2137 3822 4442 4182 2734 4971 3578 2746 4888 750 184 4103 482 3248 4542 438 4169 2151 218
3152 1055 3779 1027 2408 1924 4885 509 3679 1225 4757 2272 4061 2266 3057 1713 2953 4429 1983 3055
2283 3458 2144 671 4263 4192 4194 1652 1339 216 695 3724 2555 3024 2649 3839 928 418 3909 623
4382 1145 1500 1294 1760 4480 2794 4867 3491 2674 3728 1187 4056 3472 2802 1460 3190 4033 2171 2676
4221 2578 3392 2821 4904 2689 4860 2144 4338 2644 2416 3149 366 3137 793 2985 2283 4523 4034 1711
4382 4680 2105 1848 2788 3111 1579 583 4151 711 315 2137 2666 3065 2431 4757 2283 1427 1718 549
3373 1843 4996 3406 966 4228 2753 3149 4228 2295 4576 774 3239 3000 1190 4134 4324 2346 2283 4613
4319 2283 1749 4947 1986 3647 3134 4719 1756 487 4986 4466 1113 3660 2380 4780 3575 1711 4169 4498
591 1924 803 1763 4923 3578 1041 1249 2170 1324 812 2155 1363 821 1599 2283 2979 2453 3499 751
1108 4378 1008 2283 3935 3507 1703 1658 1108 3479 425 3498 3397 247 3491 3410 2660 4625 646 548
3241 2865 2450 698 671 2137 509 3677 2137 4309 4186 3940 1124 4541 1798 1597 1368 626 1023 2732
3373 4757 3039 3465 2443 1196 3677 2578 2802 1398 1621 54 832 720 3650 2620 1942 4862 3373 1755
3568 3122 2341 842 1088 2915 4010 1763 1233 4559 887 1219 4780 4541 2657 4324 2914 2151 4726 2620
1254 1565 905 4134 2579 2920 3381 627 257 1955 2282 4855 121 4541 2223 3819 1339 4095 4753 3887
4780 3291 1890 3761 1328 4329 4928 4658 1711 1135 2140 4757 4918 4761 1602 1228 1354 1042 4153 1063
1652 1008 957 3939 3443 1684 516 1060 3596 4531 2137 1191 3665 4270 832 2361 1269 4559 735 3475
3568 2528 3556 3060 4710 1893 3739 842 579 2093 4613 1468 4757 3849 3998 4543 1635 783 3789 4853
1999 3568 2440 462 4780 4757 1955 4132 2668 4095 49 3753 3865 2081 477 1365 2358 4075 1955 1881
4151 627 291 279 4090 9 1153 1949 2053 4796 2811 3770 3643 4952 1119 2054 717 1594 598 11
531 3380 1790 3645 26 694 432 3494 1190 1080 2993 4263 1848 1020 788 4780 3168 3654 1098 3502
837 3940 3846 2435 777 3473 2155 4436 1828 508 788 4196 1249 1561 2995 1186 3569 4148 14 1610
721 739 140 4111 626 3598 2166 2564 4737 3984 1232 1780 4950 4506 1242 4541 3253 3553 4693 2393
3355 729 3775 1001 1834 3291 2968 2424 2308 2453 1654 3686 3341 1550 3576 96 484 3117 3245 1625
2795 1173 3650 1475 2660 4356 2153 4095 3129 3340 2485 562 3205 1587 264 440 3812 2237 2379 4723
2690 4668 2353 3221 4862 4855 2370 1293 607 938 196 332 2580 135 1587 2290 194 257 2578 4374
3761 4782 910 842 237 1712 4590 751 1533 1135 2047 858 2676 1933 4182 4182 1674 4090 3062 1106
1392 2065 3650 1319 461 1492 965 4855 1257 2964 1241 838 4780 4653 4815 856 3568 4637 3319 4388
1077 4855 4997 2156 3654 1531 3232 2926 4780 400 4158 2283 1423 493 4761 4119 3780 3089 3648 1468
2664 4923 26 1619 1251 1353 3277 257 3006 2123 2243 1635 3571 4032 3338 4182 3398 4620 3844 2294
531 3117 573 2396 1086 1992 3535 857 1604 2700 2143 1819 2150 3592 1492 1094 4685 2649 4399 1707
2249 3086 1606 858 2288 2139 803 2090 1368 2585 3908 4473 3815 4855 1203 3596 1763 3143 1200 2610
837 3575 1926 4065 4184 1124 4095 1607 622 3373 3564 427 4605 3515 1830 2971 1153 3416 135 698
4002 3598 2988 2699 4947 4297 685 1318 4427 3650 4329 3293 3596 4167 2283 2173 1226 823 4541 2908
1470 2243 3167 2828 4127 1955 2657 4726 1827 2905 774 1955 4855 199 4693 133 3886 787 2677 3455
1112 314 58 1237 239 2635 462 3906 4761 738 2156 4541 1240 257 910 4226 4149 2298 1267 2713
2397 3099 4541 858 54 317 3885 2794 3373 3597 1324 4780 4716 505 1201 4590 1294 4878 389 4090
2690 737 2993 1344 306 1267 1535 4576 913 4399 4541 4366 3330 4761 4761 4270 537 4647 3035 4306
591 374 643 2053 3218 1328 2283 2863 4967 2800 2117 3425 3935 2607 3734 4167 3967 4257 3282 14
1664 818 3878 768 3239 3178 2298 733 3277 4251 840 158 4107 4527 2453 4918 1707 1627 816 4229
531 4068 3532 2859 750 1329 427 3230 3822 1203 4296 4576 3218 3329 1619 3854 3109 1115 1027 3671
3507 2137 4209 4958 4541 4780 4248 3593 4163 1268 2142 1658 4186 3070 581 3977 795 4175 1464 386
259 109 2791 1761 1719 2478 1956 2365 3613 177 643 2948 1834 4355 2844 1186 1302 837 215 4151
2460 2743 3109 4780 204 3002 2528 183 3578 2144 2237 3804 1041 4962 2283 354 4027 4002 2294 232
4544 62 721 1816 4903 2656 2254 3070 2137 2045 164 3328 2090 3772 3899 1799 3582 1823 1339 1266
4780 4772 540 4747 1193 3851 2947 106 374 1240 1398 2528 3026 4455 133 4780 4757 4772 2270 2090
3568 4724 941 304 3570 4167 3381 1517 2137 2810 3285 4445 4281 3654 4816 3793 4193 4965 1786 1617
4923 4568 4309 426 4577 2489 4469 4651 4793 3001 2143 1317 2283 259 4816 3598 1240 1363 440 2677
3568 1173 4718 4338 4888 1201 4329 4782 1006 789 1591 1535 4730 3386 1950 3739 1329 856 2155 2137
4151 627 1568 4399 1658 1571 3428 762 1689 2276 4281 708 4281 4928 2807 4490 4519 3935 1067 4119
2795 1884 2308 1736 4855 4725 2939 2948 96 2584 277 2358 3380 1111 4056 3688 4167 469 3597 3770
3355 1164 4458 2198 241 548 1623 1619 349 4397 3117 3311 1538 4147 4273 608 1594 4780 2563 4466
3568 2435 565 1145 1354 3184 923 4056 2741 1581 2526 4953 1063 1884 4931 1604 1827 3572 2561 709
4002 4715 2063 3268 4855 2726 3108 2552 1571 1295 1075 2802 3953 2807 4837 4096 1046 1580 855 83
3761 3590 1500 1500 3636 1189 1014 4336 334 4780 54 52 4232 4007 4855 4095 2677 4167 3059 4855
1769 4613 4341 2142 1579 380 2691 2913 2156 4541 4087 2798 751 1049 4228 821 2832 1601 533 3733
2690 2865 2388 1764 372 4095 4519 3935 1730 4570 1702 3035 1530 220 3500 3388 1971 3976 2628 1294
228 4245 3738 4752 2406 3749 3326 4685 1601 4855 3830 1711 1135 4460 3753 1124 2117 729 871 3894
591 4182 2737 2845 4780 4796 4796 2018 1730 4576 4182 3692 4285 4119 4981 3984 817 2370 1967 3738
3749 2093 412 4843 4808 20 2137 4000 3794 2732 1342 729 3159 4963 4841 2663 4780 4714 4855 4154
3568 1240 3633 3940 3043 3485 4071 745 965 2248 1565 2468 4780 2754 1390 1394 4210 3075 2861 844
3568 2528 4032 1027 3329 2985 2985 215 2819 1769 4151 3151 548 2660 574 3140 4950 1489 3660 941
4780 1146 3965 3507 2495 3263 1075 3915 3733 9 3612 1953 3476 4688 87 87 2589 1652 4459 4419
4802 2159 3834 3140 4796 3263 2476 3761 3696 3049 2124 3823 611 2342 2660 745 2528 2292 3381 760
1437 3380 3140 3567 1014 4613 4757 2245 464 54 2301 1760 2033 242 2625 2732 4856 2108 734 2928
4382 1145 1186 942 618 2342 2497 2425 426 3886 2580 4360 4460 1561 1825 2725 4095 3886 1848 4373
2784 3719 3124 3273 3978 220 2380 735 3662 16 134 3392 2155 4693 512 1295 4281 675 3059 1329
3568 3272 2435 3189 734 2111 4747 4167 3293 1257 338 1730 2753 569 2820 3359 224 2631 3890 3035
3568 3400 4216 86 5 1587 2695 2053 3089 3950 386 897 729 2148 4124 4408 4942 3677 3929 11
1655 2545 502 3286 3943 3648 1619 823 2063 133 4780 4160 1329 2393 2047 2007 4757 242 4263 4703
591 823 322 551 4255 3596 1924 905 1306 1291 1460 2062 2986 3043 4175 803 2528 4708 1251 4373
4360 2944 3298 1329 87 2080 3402 2889 853 1225 3686 2781 115 2497 4095 1008 910 3823 432 1334
531 1008 2243 2761 1107 9 1146 3388 3753 3780 2694 4994 4704 418 916 2625 1008 4761 1736 2312
3749 3649 4348 1552 1111 454 1914 2988 3710 2050 2011 1764 822 4855 4342 2732 4814 2713 3648 1929
2664 3648 737 823 3975 965 2694 895 517 4377 3140 2137 4731 1143 1084 3049 1213 3465 1196 4702
3421 541 4860 1660 4812 1519 4541 4757 3418 1736 1423 49 275 2340 1058 4100 58 2022 4780 4757
492 439 1736 3057 3035 1196 2680 928 3592 1829 2137 4554 7 4063 4856 2394 1082 4409 1751 4668
3096 1010 2063 4191 3680 732 2845 4841 1836 3040 3694 2814 4757 1816 458 2296 1955 1026 4923 2961
