13 13 11 17 11 11 9 5 14 12 8 9 17 9 17 12 6 9 17 9
17 11 9 10 9 9 6 9 9 13 11 9 17 11 11 9 13 9 17 9
15 11 17 11 9 12 17 13 9 6 10 8 18 9 9 8 10 9 0 9
9 10 9 17 9 17 11 17 9 14 11 18 9 16 16 9 12 9 6 9
13 17 13 9 14 17 17 17 14 11 9 9 11 9 13 14 9 17 11 9
8 13 12 2 9 17 17 14 17 18 9 8 5 17 5 17 17 14 9 12
4 13 9 17 10 9 11 6 17 14 9 1 10 17 9 6 10 17 17 18
15 13 8 8 0 11 9 17 17 17 0 4 12 5 9 6 5 4 9 13
5 14 9 6 17 9 12 10 17 13 9 17 17 11 9 9 13 17 4 13
18 11 14 8 8 8 4 17 9 17 17 9 16 11 9 13 9 1 9 10
1 2 13 9 2 8 9 17 9 17 9 6 9 14 17 17 11 13 13 11
11 5 11 17 14 6 17 10 13 10 17 5 6 17 10 11 6 13 10 13
3 9 9 10 0 9 17 9 11 9 10 9 0 0 9 11 13 9 11 9
5 1 11 13 17 5 16 6 11 17 8 12 17 0 17 9 11 17 17 9
1 18 8 9 1 4 9 9 12 16 6 9 16 10 13 6 9 12 5 9
6 0 9 14 9 9 9 11 11 9 17 9 11 16 12 11 6 17 13 9
11 17 8 9 17 4 9 11 11 14 9 5 9 9 13 13 5 17 9 9
1 9 14 9 11 13 9 9 14 10 9 6 17 9 6 13 9 0 17 14
4 1 5 9 12 9 17 6 7 6 10 14 18 18 13 9 11 17 0 16
11 17 13 8 14 11 9 9 8 17 9 6 13 12 5 17 9 10 9 9
11 11 5 14 17 17 17 5 4 11 9 17 6 17 17 17 10 9 13 18
5 4 5 0 11 17 11 9 6 7 13 5 8 17 15 12 9 10 11 14
4 17 8 14 11 17 17 17 14 9 17 9 9 9 2 13 14 17 9 9
7 12 7 13 8 17 9 16 11 13 17 9 12 10 6 9 17 17 10 9
10 17 11 14 10 5 13 6 9 11 17 9 11 9 11 9 12 14 11 17
13 18 17 1 17 14 13 13 17 14 13 17 9 10 9 9 9 9 9 11
9 17 16 17 16 17 14 13 9 13 9 5 11 10 17 14 11 17 9 1
12 9 5 11 11 17 9 17 6 14 14 17 9 6 9 9 1 17 10 5
8 17 14 9 18 17 10 9 10 6 11 9 11 11 14 17 9 9 17 17
8 14 4 5 17 6 14 9 11 11 17 14 9 8 17 11 9 9 17 17
18 7 14 9 17 6 9 9 17 17 9 17 18 9 11 17 13 11 6 16
4 15 9 11 18 11 11 11 9 11 9 17 9 9 9 10 16 4 5 11
11 3 10 9 12 9 10 17 17 17 6 9 17 17 14 9 8 6 9 10
6 14 9 11 16 11 5 17 18 13 14 17 11 17 9 16 8 6 11 11
9 16 18 9 8 12 17 9 14 11 9 11 9 9 17 9 8 17 11 9
0 2 9 16 5 17 9 10 10 11 11 17 9 11 9 0 9 14 9 17
0 11 10 10 13 18 9 13 13 8 14 11 11 11 1 17 6 9 9 9
14 15 17 9 11 6 13 9 10 9 8 10 9 9 13 9 11 9 13 11
17 0 9 9 17 13 12 9 13 5 11 9 10 17 2 11 11 11 17 9
3 9 1 9 10 5 10 17 17 11 10 5 9 9 0 9 10 11 9 8
14 17 13 17 14 17 11 14 14 17 9 11 11 16 9 12 9 14 10 9
11 17 9 8 10 9 6 10 5 14 9 16 14 11 9 15 14 10 6 11
9 14 10 9 9 14 11 11 14 9 9 1 12 9 6 10 17 17 9 17
9 13 11 16 11 9 17 11 6 11 11 0 17 9 17 17 18 1 9 9
13 6 4 6 9 11 9 10 6 9 6 9 14 5 9 11 9 14 14 9
13 12 11 10 5 9 17 5 9 9 17 13 17 10 17 9 17 17 17 6
10 9 5 6 10 17 11 9 9 9 13 9 13 9 14 17 13 9 9 13
16 11 11 9 1 13 17 9 9 12 12 17 17 11 9 13 14 11 17 5
17 10 11 12 14 9 9 9 17 14 11 13 9 9 13 13 6 10 17 6
10 9 19 6 17 17 14 17 6 6 10 15 14 17 14 16 10 10 6 9
9 9 0 13 5 11 9 17 17 14 14 9 16 6 1 9 9 17 11 12
13 12 10 9 9 17 9 9 9 9 17 14 11 6 11 12 6 13 17 10
10 17 14 5 9 11 9 10 11 4 14 1 5 14 11 14 17 13 9 11
4 14 15 14 6 17 9 11 9 10 10 10 14 9 9 10 5 17 10 9
9 9 11 17 11 10 17 13 9 13 14 9 14 17 10 10 6 13 17 1
9 15 18 15 14 9 9 18 10 9 12 0 10 10 11 13 9 16 11 17
9 9 5 11 17 9 11 9 6 8 9 13 9 11 17 9 17 11 13 8
12 3 9 18 9 0 14 17 11 11 17 17 17 1 9 11 11 11 9 11
11 4 14 6 17 1 17 6 8 9 11 9 9 9 14 11 6 9 8 9
9 10 18 9 9 14 9 17 17 17 11 9 9 11 17 10 17 16 10 14
5 2 10 9 1 11 9 12 14 9 9 11 9 1 9 9 11 9 14 9
13 0 11 6 9 17 13 11 11 17 9 5 8 14 13 9 14 9 12 9
8 8 6 17 9 9 13 17 12 17 13 17 17 5 11 18 13 11 9 9
12 17 9 0 0 14 17 4 9 10 9 9 9 17 13 17 9 9 17 14
14 2 5 9 9 11 11 17 9 9 17 9 6 5 10 9 8 17 16 4
9 6 6 10 9 14 14 18 5 17 9 9 17 9 9 4 16 6 14 17
3 11 17 9 0 13 14 11 13 10 11 8 15 9 14 10 9 14 13 9
12 17 14 5 10 5 13 6 9 13 17 10 10 13 18 9 3 17 9 17
2 12 11 17 11 4 6 9 13 9 10 10 4 5 8 1 11 6 9 9
17 12 9 1 4 13 11 17 17 10 13 11 13 5 9 13 9 11 10 9
0 18 17 9 5 9 15 9 9 13 13 16 16 14 9 9 11 17 17 9
8 13 17 17 9 10 17 9 9 11 11 9 14 17 14 6 16 9 11 17
10 14 9 17 13 9 9 6 9 9 9 10 11 9 11 11 17 11 9 17
1 5 11 11 13 8 9 17 9 9 13 17 14 9 11 9 18 10 9 12
4 9 9 2 12 8 11 6 9 13 14 13 9 16 14 9 9 10 14 8
4 17 13 15 9 10 9 6 9 18 9 17 9 6 11 17 9 17 17 17
17 17 9 12 16 8 9 17 9 17 17 4 17 10 17 10 12 17 13 9
18 6 11 4 11 11 9 10 11 9 17 6 9 9 10 17 9 13 11 17
0 11 17 11 8 11 9 3 9 12 17 14 6 17 17 11 17 11 10 12
10 0 9 10 9 8 9 11 17 8 8 0 9 11 0 17 14 11 9 5
12 6 17 17 9 10 13 17 9 14 17 9 11 11 9 10 17 3 11 16
8 9 0 10 11 13 11 14 9 9 14 15 11 17 13 9 6 14 11 17
9 8 11 9 11 11 11 9 11 9 1 17 9 9 11 11 8 6 14 9
10 18 14 13 17 14 9 17 11 17 8 17 14 16 9 11 7 13 9 9
13 15 11 17 13 9 9 9 13 6 12 17 14 5 9 6 9 9 5 9
13 17 9 17 0 11 17 10 14 13 13 15 13 16 8 17 9 16 9 9
9 6 17 9 12 13 9 12 17 17 9 10 6 10 9 16 9 10 12 9
18 7 5 11 3 14 14 17 9 13 9 9 4 8 9 6 14 9 0 9
18 9 10 14 9 13 17 7 9 15 9 9 14 10 5 9 9 17 11 0
17 3 0 18 17 14 17 9 17 9 9 11 9 6 9 17 11 17 9 11
0 9 16 11 17 11 11 14 17 11 11 6 17 9 9 17 17 11 9 13
4 17 14 9 13 17 17 13 9 8 9 6 9 11 17 17 14 10 9 9
7 17 9 9 16 9 5 11 6 9 11 10 8 9 13 14 11 9 18 1
3 17 17 17 1 10 17 15 17 9 13 9 5 1 9 8 12 6 17 9
19 0 8 9 17 17 13 14 17 17 13 9 13 9 13 9 16 0 17 13
12 17 9 6 9 10 17 9 17 9 5 9 8 17 10 9 9 9 10 17
1 9 17 4 13 17 9 9 9 13 9 1 9 14 9 11 1 9 14 17
14 9 14 4 14 9 17 10 10 11 17 9 6 12 9 17 14 11 9 13
14 4 9 3 16 9 11 14 9 9 14 9 10 14 13 13 13 10 17 17
19 9 9 9 11 11 14 17 9 8 17 9 9 13 11 9 17 9 13 6
18 1 6 9 17 13 9 1 5 9 12 17 9 9 9 17 10 9 9 11
5 6 14 9 11 9 0 13 17 9 13 11 17 7 17 9 17 17 11 17
18 15 6 0 17 9 14 9 18 10 9 9 16 17 13 11 12 17 14 17
14 4 12 5 9 8 13 19 9 10 9 12 17 17 16 13 4 10 13 9
5 9 9 17 1 6 0 9 0 10 9 17 9 17 17 9 17 9 11 8
6 1 9 11 9 9 9 15 9 11 11 10 17 9 12 17 12 9 4 14
12 9 11 9 13 9 17 10 17 17 11 9 9 17 16 13 11 11 13 8
17 14 12 9 11 9 7 9 12 11 17 17 8 9 6 10 11 9 14 9
11 13 16 17 4 14 5 17 17 11 14 9 18 18 6 14 9 11 17 14
9 19 16 14 1 10 9 14 13 11 0 16 11 16 8 11 9 8 11 17
15 10 6 17 9 9 6 11 6 17 11 13 6 5 9 9 9 17 9 4
6 13 9 9 5 11 11 9 12 10 11 7 11 9 10 11 13 13 12 13
8 9 9 11 9 9 10 14 16 11 5 17 9 9 1 9 9 13 17 12
9 8 10 13 11 9 12 9 14 9 8 15 14 11 12 10 9 5 9 9
0 6 9 16 17 14 18 17 5 14 17 5 9 4 17 5 17 14 10 9
6 7 9 17 0 13 9 10 17 13 11 11 4 14 17 4 0 10 13 12
17 18 11 10 13 6 9 6 14 11 16 17 13 17 9 15 9 10 0 9
8 4 9 11 9 13 10 17 6 9 17 17 9 9 9 13 17 17 17 10
8 13 14 11 14 10 17 9 17 10 11 9 4 5 17 17 9 10 4 17
2 18 7 6 10 9 5 13 9 1 13 10 14 10 9 10 13 9 1 9
7 14 4 14 10 17 12 9 18 9 17 11 17 17 11 4 9 10 11 9
10 10 5 13 9 5 9 13 9 11 11 9 13 14 17 14 16 9 6 9
1 14 3 9 10 9 17 17 5 9 12 17 17 17 9 17 9 5 11 14
10 17 17 9 13 17 11 0 9 17 9 10 16 8 11 9 9 9 13 9
15 18 18 9 9 8 14 9 17 11 9 11 4 16 17 11 6 17 15 6
17 6 4 9 11 9 11 9 14 17 13 1 17 9 13 13 5 6 9 9
5 16 6 4 10 9 9 17 17 5 17 9 13 17 17 17 9 9 13 9
4 12 13 12 9 4 12 17 17 9 17 17 14 6 9 9 9 6 9 9
