6 17 9 14 11 13 9 0 11 11 17 17 9 5 14 0 9 18 14 11
11 17 17 9 17 5 4 11 11 9 0 9 18 12 5 8 11 18 14 12
0 5 2 14 17 18 10 4 18 9 6 17 4 11 9 10 11 11 12 2
6 10 9 10 5 0 11 0 0 11 18 9 1 11 9 17 9 9 6 14
2 4 9 4 15 17 1 9 0 18 11 18 12 0 12 0 11 8 0 10
11 14 0 10 0 16 17 6 6 17 11 17 6 0 14 1 5 9 0 4
18 8 9 0 12 9 14 17 15 17 9 17 8 11 17 12 11 12 9 4
11 12 11 11 11 13 5 10 0 14 16 17 11 11 0 11 1 4 6 2
17 0 14 17 17 17 9 9 9 13 9 11 5 0 14 9 11 11 5 9
0 9 5 12 4 0 6 9 4 17 11 17 14 17 9 6 14 18 6 11
17 12 4 14 12 0 3 17 6 0 11 9 13 12 11 11 17 11 5 18
9 11 9 9 17 5 18 10 14 11 17 9 9 4 14 9 9 6 6 18
11 11 17 6 4 14 12 11 11 18 17 4 18 9 14 11 17 11 6 4
9 16 14 11 18 14 4 17 12 4 12 7 0 14 12 8 11 18 5 9
0 17 5 10 6 12 18 12 11 9 12 0 11 6 9 11 9 7 10 0
13 11 11 17 11 16 11 17 11 11 5 11 16 12 9 12 9 12 11 7
17 11 0 17 5 17 6 15 9 9 9 4 10 0 11 0 11 12 11 0
4 4 9 12 9 9 9 18 9 18 13 6 9 13 9 9 11 11 18 18
15 0 0 11 17 4 14 5 4 17 9 18 17 14 10 14 5 9 9 18
6 12 14 11 4 11 17 9 9 16 2 6 18 14 16 9 5 18 18 0
19 10 10 9 18 17 6 6 17 11 4 14 3 9 9 5 0 11 11 11
18 14 11 0 11 11 11 0 11 17 18 11 11 11 0 17 2 11 3 11
0 17 17 17 5 11 11 11 11 0 4 4 4 10 4 3 14 0 4 9
17 18 12 9 9 16 18 0 11 4 12 17 11 11 14 14 17 6 0 11
13 1 18 12 14 0 11 11 18 0 9 12 11 0 11 11 10 18 1 5
4 14 18 11 12 9 6 10 18 9 6 17 9 11 0 11 14 8 17 6
6 12 17 11 17 11 11 11 1 11 11 0 11 13 0 0 9 10 11 9
9 17 17 0 11 14 17 17 18 18 11 16 8 9 5 18 8 12 0 4
4 3 9 14 6 18 4 12 17 17 17 18 17 17 0 11 0 3 17 9
16 16 0 11 12 17 11 10 0 9 18 17 9 14 12 9 9 9 12 11
7 0 0 12 1 8 13 5 17 9 17 6 0 0 18 0 17 12 11 14
15 2 10 9 0 13 4 4 18 8 17 17 14 14 4 0 18 12 4 16
8 9 17 3 6 16 9 5 17 17 12 6 17 16 9 11 9 5 9 5
6 9 9 5 15 9 18 11 17 18 17 17 17 18 18 13 17 18 9 15
11 9 16 18 14 5 6 11 11 8 12 17 9 5 4 16 13 17 9 18
2 6 2 0 17 11 17 0 0 2 4 14 14 9 11 17 11 11 16 9
12 6 12 9 17 11 6 11 11 17 17 18 11 18 18 14 9 12 14 11
3 6 11 17 15 17 0 5 11 6 9 2 5 11 9 8 6 11 18 9
1 0 18 0 17 9 5 0 11 9 11 6 8 17 0 5 10 9 11 9
6 1 9 0 17 9 17 17 9 5 5 18 12 11 9 16 0 18 6 6
6 2 14 16 18 14 9 0 1 9 17 12 12 11 11 11 11 11 6 0
0 18 12 11 8 9 12 10 6 1 14 17 4 9 17 8 18 0 5 2
12 6 7 11 17 9 14 12 11 14 9 17 17 4 12 6 0 1 9 15
9 11 11 14 0 9 11 0 15 11 11 17 0 0 11 4 5 0 18 10
1 13 11 4 0 18 11 9 10 10 15 18 9 12 14 0 11 15 0 11
11 17 10 0 11 18 17 5 14 9 9 10 5 11 14 9 9 13 15 4
9 9 17 12 9 16 14 6 15 5 12 4 1 7 10 14 0 10 13 4
18 0 13 9 12 17 5 18 18 16 14 9 14 16 9 9 5 18 14 14
4 5 11 0 11 6 6 6 0 18 4 9 12 17 0 0 6 17 14 17
2 6 12 14 11 11 17 11 12 11 12 11 0 13 0 11 18 11 0 11
17 11 13 0 11 11 10 12 0 0 12 5 12 14 1 11 4 15 11 19
7 6 0 6 11 17 10 8 10 14 5 12 9 9 18 4 11 0 11 9
14 0 13 13 0 18 11 11 9 11 18 10 16 9 18 0 0 10 11 17
12 5 11 6 11 1 8 11 11 13 18 9 17 16 11 14 18 12 0 17
4 14 17 11 5 4 14 8 11 9 5 8 17 0 11 11 13 17 12 6
10 14 17 6 12 12 6 5 11 16 14 12 4 0 11 4 15 11 11 0
0 3 12 14 5 18 12 12 11 6 0 16 17 0 11 17 11 17 12 5
9 9 14 9 14 12 9 9 9 18 11 12 9 12 11 11 6 12 17 0
5 4 1 13 16 17 18 9 0 15 0 11 9 6 10 14 17 13 0 13
12 11 17 14 9 11 9 15 0 17 9 14 14 11 11 11 17 17 5 0
11 11 12 14 14 16 11 9 5 5 9 13 16 12 10 4 14 5 0 0
2 7 1 9 11 9 9 14 5 16 18 16 8 9 13 16 6 14 5 14
14 11 9 6 11 3 7 16 0 11 9 11 18 11 5 11 14 6 17 14
14 14 17 9 6 5 11 18 11 11 11 11 17 11 11 11 9 13 16 4
9 10 9 0 18 9 9 12 18 5 12 14 17 5 11 11 11 11 17 11
17 10 4 5 18 17 0 11 11 11 0 5 14 11 11 11 5 4 5 9
5 9 5 17 4 11 11 5 9 4 0 11 0 14 16 6 6 17 17 9
11 0 14 9 17 12 12 12 2 6 17 0 11 11 11 4 12 5 6 17
11 4 9 18 0 9 17 17 9 14 12 9 14 0 11 11 0 18 12 11
14 17 8 0 1 8 10 11 0 18 14 0 13 17 12 6 11 11 5 11
5 16 17 12 11 8 3 16 4 11 4 5 17 6 18 13 4 17 9 0
0 0 11 11 11 11 17 16 13 12 11 11 11 13 16 8 5 17 11 4
11 5 0 0 11 13 5 9 3 9 2 0 6 13 15 9 17 4 14 0
0 6 14 0 10 16 16 4 12 12 19 5 5 14 14 3 17 14 15 11
17 0 0 11 10 11 11 0 11 9 11 11 9 4 14 12 11 11 0 11
5 17 11 0 14 11 12 9 0 11 9 0 12 10 18 0 0 11 11 11
0 14 11 14 11 5 11 18 0 6 11 17 3 10 5 13 12 9 14 17
0 9 12 5 12 8 16 14 11 10 15 9 5 11 13 0 3 1 9 14
17 9 17 2 4 11 11 4 14 11 18 4 15 17 11 6 17 14 9 2
14 9 12 6 18 4 1 18 0 14 12 17 4 13 14 6 17 9 18 17
13 14 12 9 14 5 11 10 14 14 0 17 4 6 9 17 5 0 17 17
17 18 13 10 17 17 17 12 9 12 18 17 16 10 11 12 17 14 12 0
12 14 14 13 17 10 17 9 11 6 4 13 16 14 9 17 8 18 11 12
4 12 4 14 5 9 0 0 9 0 11 0 11 13 11 9 17 12 11 5
11 9 9 2 0 5 17 14 17 9 7 12 11 11 6 7 12 1 12 11
16 11 17 17 17 0 4 11 11 11 11 11 15 11 0 18 4 17 9 10
17 12 4 4 14 1 0 9 3 18 10 14 3 14 14 0 17 18 9 11
17 17 12 17 5 9 14 11 17 9 10 9 18 16 17 9 5 17 8 16
18 9 17 4 9 19 0 13 0 17 12 9 4 4 0 14 17 1 14 17
12 5 9 17 4 12 14 13 17 11 9 12 0 4 16 16 14 14 9 11
8 11 12 6 0 18 11 5 17 10 14 0 11 0 15 0 11 10 0 18
4 7 12 17 11 6 4 14 4 17 11 6 12 11 6 11 14 17 9 16
14 5 19 18 5 9 14 16 12 11 9 6 14 14 14 17 18 6 18 17
6 18 14 10 11 11 11 18 12 11 17 4 13 9 5 11 17 6 18 11
5 17 6 11 17 11 12 5 17 11 14 5 17 11 11 18 3 13 6 0
2 17 1 12 17 9 5 17 18 11 15 11 11 17 11 4 12 18 18 4
6 17 17 11 0 11 9 6 19 11 9 17 6 11 17 9 0 16 17 8
10 18 15 5 12 0 18 18 11 11 14 9 10 7 11 18 5 18 11 14
4 14 14 1 17 6 18 14 4 18 9 17 17 14 6 17 6 11 14 14
12 18 9 0 9 4 14 4 9 11 9 18 18 17 9 11 9 17 5 9
6 4 5 17 14 17 14 12 12 11 5 18 6 17 18 12 17 5 6 9
9 11 14 1 10 4 17 9 7 11 11 4 16 9 0 5 5 4 18 9
18 11 8 11 6 12 11 11 14 0 11 11 11 12 11 12 11 11 6 0
4 0 11 18 6 6 0 9 10 9 17 12 18 17 18 12 11 9 5 12
0 9 4 11 17 17 10 13 9 9 12 4 4 11 10 18 18 18 14 17
0 12 9 12 12 12 10 0 9 15 9 0 2 0 10 11 9 9 6 0
9 12 0 0 11 17 18 11 18 14 9 4 4 1 6 17 11 10 12 0
17 11 17 14 11 9 15 0 11 4 3 0 6 14 10 17 18 16 6 14
12 8 9 10 6 5 4 11 5 4 9 4 18 10 17 9 3 11 17 13
11 11 11 11 14 16 9 11 11 11 12 1 0 0 10 4 18 12 14 4
11 9 18 13 0 8 9 0 17 14 14 18 13 11 12 4 5 14 11 12
17 18 0 5 4 4 9 5 9 5 14 11 5 5 11 16 11 9 1 17
0 16 0 14 9 14 8 17 10 13 10 15 11 5 0 18 11 0 0 4
11 5 17 9 14 4 9 17 9 11 16 12 0 9 0 11 1 0 9 0
9 4 5 14 11 6 17 0 11 0 18 17 11 9 12 5 4 11 12 7
11 11 18 0 9 11 11 9 9 18 11 17 9 11 3 15 8 18 17 14
9 1 0 17 6 11 12 10 9 2 14 12 11 11 11 9 12 0 17 8
12 17 4 6 9 7 0 17 11 11 11 9 16 17 11 11 4 6 0 11
0 18 18 9 9 4 9 13 9 12 12 9 17 5 13 9 5 4 6 0
4 11 11 6 10 13 0 12 8 11 17 9 14 13 5 12 9 4 18 5
9 17 9 11 17 6 9 6 10 17 11 11 9 0 11 11 18 14 13 6
17 6 0 11 6 6 11 17 17 9 10 14 0 9 0 9 10 6 9 5
11 4 17 1 11 4 13 12 8 18 11 11 14 9 7 7 6 11 0 13
17 9 3 18 14 0 11 11 9 12 11 0 18 11 11 0 11 12 12 11
5 0 11 12 11 11 14 9 4 10 6 9 14 9 9 12 9 12 1 17
11 16 6 9 0 11 18 0 12 11 12 11 11 13 16 17 18 6 14 8
14 6 10 0 9 5 8 9 5 11 16 0 17 12 14 5 17 11 11 3
0 17 14 17 6 18 17 17 18 0 11 6 0 9 3 12 1 11 14 17
