18 18 5 4 0 6 9 1 2 8 19 2 8 1 12 15 0 5 17 0
18 18 12 13 17 0 3 6 8 0 11 17 5 10 19 17 18 16 2 7
18 18 0 6 4 19 3 2 18 0 10 4 0 10 0 5 7 17 18 2
18 18 16 5 16 7 12 11 17 13 0 16 3 16 13 7 5 9 14 12
18 18 11 8 17 2 4 4 17 8 2 4 0 17 17 4 8 14 11 12
18 18 18 11 8 8 5 19 19 1 8 13 9 5 3 12 0 16 8 6
18 18 7 15 13 16 11 0 17 19 17 6 3 13 1 2 18 3 3 11
18 18 2 1 8 16 14 3 0 4 12 10 7 10 19 10 3 12 3 7
18 18 13 19 19 13 0 7 17 6 3 13 16 14 4 10 11 13 6 12
18 18 8 17 7 17 11 9 13 5 16 5 11 4 4 18 3 5 17 8
18 18 0 2 4 8 16 8 14 6 12 0 1 18 4 10 16 9 10 11
18 18 12 16 9 14 11 0 8 15 15 10 0 0 15 9 13 0 4 1
18 18 7 3 14 7 16 13 9 16 16 14 19 18 10 10 0 1 13 19
18 18 10 17 12 0 7 2 6 11 18 1 17 2 13 17 9 1 10 8
18 18 8 11 0 6 1 5 7 1 12 8 15 19 2 7 5 8 16 9
18 18 15 15 4 17 3 19 11 4 0 5 11 6 9 10 6 13 9 0
18 18 7 17 0 17 5 0 8 8 14 3 12 17 0 8 5 14 10 2
18 18 0 14 13 2 6 19 1 8 4 14 5 14 16 12 11 4 12 0
18 18 9 19 2 7 0 0 8 12 6 16 1 8 17 18 9 14 8 13
18 18 19 14 19 11 5 13 17 13 14 4 0 5 11 17 14 10 9 13
18 18 8 18 12 9 3 18 12 3 4 10 0 16 5 13 13 19 5 3
18 18 14 6 2 3 6 4 13 0 3 19 4 1 5 11 2 7 10 16
18 18 12 13 5 10 6 14 19 6 19 0 5 13 14 8 2 0 16 14
18 18 11 1 8 8 0 6 18 2 1 17 6 17 17 18 0 10 14 3
18 18 2 3 15 13 18 13 12 6 1 18 9 4 12 16 14 15 19 11
18 18 7 6 14 9 0 2 7 16 16 13 6 10 14 17 2 11 1 18
18 18 4 17 5 14 9 4 5 15 1 18 17 6 2 13 7 18 0 13
18 18 12 9 7 17 17 12 15 3 15 4 11 7 0 11 5 14 3 14
18 18 9 2 2 9 19 16 19 10 11 17 13 7 9 16 2 13 6 18
18 18 16 17 6 13 13 1 9 5 18 1 13 4 9 5 17 6 17 11
18 18 15 18 16 10 15 18 6 8 3 13 5 17 10 11 5 3 18 18
18 18 18 16 1 4 17 1 13 1 11 17 3 19 6 11 16 0 19 16
18 18 15 16 11 9 18 17 3 14 11 12 9 3 12 8 11 10 7 2
18 18 1 15 10 6 16 13 10 19 17 16 12 19 3 0 13 1 4 3
18 18 4 8 11 16 19 0 1 4 13 17 7 4 2 11 11 9 3 10
18 18 17 19 2 13 14 8 12 1 16 4 11 14 2 0 0 4 14 9
18 18 5 5 4 11 5 15 18 16 7 5 9 0 13 6 10 11 19 0
18 18 3 11 15 2 1 11 7 9 13 2 5 14 19 9 17 18 16 1
18 18 1 6 2 13 6 1 19 15 6 13 1 3 1 10 2 3 16 13
18 18 5 11 10 5 4 8 13 5 3 11 1 10 15 16 18 4 14 16
18 18 18 18 5 16 14 19 13 6 14 18 12 1 9 19 2 10 8 17
18 18 7 14 1 4 6 6 7 19 1 19 4 5 1 18 10 5 2 17
18 18 15 2 10 15 5 10 6 11 16 0 8 7 18 8 15 8 4 17
18 18 9 5 13 7 9 11 3 11 9 8 16 2 14 9 4 10 1 12
18 18 13 14 0 8 10 18 2 6 2 2 0 7 5 16 16 7 15 0
18 18 14 10 5 19 0 9 2 17 8 3 2 11 19 16 8 16 18 17
18 18 10 6 15 16 17 12 2 0 18 3 2 12 6 14 4 11 0 1
18 18 0 10 2 8 17 4 6 13 7 10 17 17 10 13 15 13 13 8
18 18 6 6 13 6 1 15 18 15 14 0 11 16 6 11 17 4 16 6
18 18 4 4 9 9 9 17 13 8 6 2 4 1 11 9 9 0 2 0
18 18 14 9 18 17 19 9 8 1 19 11 5 10 10 8 0 6 10 8
18 18 10 11 5 3 3 11 11 8 7 0 13 17 6 2 2 2 5 3
18 18 2 18 1 10 10 9 1 14 18 1 4 14 11 18 10 1 3 2
18 18 14 14 16 1 19 8 2 2 12 13 11 1 2 13 19 11 2 10
18 18 2 0 6 12 4 1 14 9 1 18 2 18 2 14 15 19 1 7
18 18 1 13 12 1 7 14 19 2 3 15 19 8 17 9 10 3 8 3
18 18 13 2 15 12 2 3 0 13 4 19 11 11 10 3 16 3 5 5
18 18 6 6 5 13 11 0 17 4 17 6 0 16 5 12 9 6 14 16
18 18 4 14 4 17 2 18 14 19 6 13 13 6 10 12 18 5 0 8
18 18 10 3 10 16 1 11 10 12 1 16 11 8 17 8 16 7 2 13
18 18 8 0 14 0 9 14 12 10 14 12 14 11 4 19 14 18 1 5
18 18 7 0 19 2 3 3 14 4 7 15 5 12 13 5 8 18 8 3
18 18 12 9 15 15 16 0 19 3 7 4 10 4 15 14 6 0 8 3
18 18 1 0 9 17 19 11 4 11 1 19 7 3 11 16 17 7 17 16
18 18 4 17 10 10 16 17 17 2 4 17 10 10 8 7 12 13 14 14
18 18 8 14 4 10 15 17 5 8 16 3 0 15 0 7 4 15 1 13
18 18 16 7 5 6 16 8 5 7 9 11 18 15 19 5 12 17 19 9
18 18 8 14 11 8 0 16 5 5 7 6 16 15 9 17 5 6 17 2
18 18 0 10 4 18 7 6 5 2 10 4 9 16 0 5 11 19 15 6
18 18 18 13 0 2 12 14 11 11 16 2 0 9 6 2 1 16 14 14
18 18 13 12 2 8 5 3 13 9 0 11 8 8 1 1 6 18 12 3
18 18 19 13 6 4 19 9 3 18 9 4 5 1 16 13 2 6 10 19
18 18 9 9 9 4 6 8 4 7 6 17 4 18 4 4 19 0 8 0
18 18 11 7 9 13 19 13 5 7 1 10 6 16 2 7 14 12 12 1
18 18 10 16 10 7 0 4 15 16 5 10 17 14 0 5 14 1 2 18
18 18 8 16 8 3 11 0 1 4 18 6 13 0 8 5 2 3 0 15
18 18 19 4 15 16 12 14 16 9 19 3 16 10 9 13 16 3 1 8
18 18 6 7 1 2 11 17 3 13 1 8 7 17 15 17 16 11 13 5
18 18 19 3 1 8 11 17 15 15 4 18 18 17 1 5 19 2 5 10
18 18 1 14 9 8 6 15 4 6 0 16 13 11 5 3 10 6 11 0
18 18 3 9 16 8 8 0 19 2 6 8 6 6 11 10 2 9 2 15
18 18 14 5 10 4 14 9 5 19 4 3 16 4 10 16 1 16 10 10
18 18 17 18 12 1 6 15 6 1 3 6 2 12 8 18 11 10 17 10
18 18 13 9 9 19 0 3 5 0 0 2 14 1 17 12 16 15 4 12
18 18 15 3 6 1 8 19 9 10 19 4 4 11 2 17 1 16 8 12
18 18 18 6 5 11 16 1 16 11 16 13 2 6 2 8 13 8 19 8
18 18 6 12 3 2 1 16 9 13 3 1 17 18 17 16 13 10 18 2
18 18 7 19 16 1 2 15 17 17 17 4 6 9 4 16 10 3 12 0
18 18 6 9 11 7 6 19 15 14 19 16 8 17 10 13 3 14 6 3
18 18 13 14 13 8 5 13 12 17 4 14 12 3 14 0 18 11 9 6
18 18 19 14 10 17 14 18 10 11 16 13 16 13 2 12 12 14 9 11
18 18 1 6 7 9 11 17 6 18 4 6 4 11 17 11 6 4 19 0
18 18 9 6 4 16 0 16 14 13 2 17 3 6 9 14 16 13 18 12
18 18 13 7 0 5 6 1 16 10 1 13 18 10 1 14 14 16 7 11
18 18 7 0 11 7 0 14 16 2 13 4 5 18 8 13 14 4 10 3
18 18 3 17 13 7 2 4 14 11 14 0 3 8 0 17 18 8 6 1
18 18 14 1 10 16 18 2 2 6 2 17 5 0 13 7 18 19 11 6
18 18 0 12 10 0 9 11 7 0 5 4 12 13 3 17 18 0 16 18
18 18 8 10 0 14 3 9 16 0 14 8 17 8 14 19 4 19 17 15
18 18 14 1 9 0 8 7 16 16 17 3 14 3 1 1 9 19 6 0
18 18 7 0 3 0 13 14 12 8 3 15 0 4 6 1 14 6 9 18
18 18 16 13 14 12 9 12 5 8 9 6 8 1 17 11 5 3 5 4
18 18 12 0 3 19 15 2 1 0 19 15 8 4 18 1 15 19 19 19
18 18 12 11 13 2 0 4 14 3 5 13 0 3 9 15 17 9 19 2
18 18 8 1 19 12 19 15 6 12 5 10 6 17 0 8 6 10 15 16
18 18 12 15 10 5 5 16 13 16 12 14 18 3 16 11 17 5 0 1
18 18 9 8 16 9 8 10 17 7 4 16 7 4 14 13 9 4 12 10
18 18 0 1 16 8 15 4 0 13 17 2 6 1 18 12 11 9 12 8
18 18 15 6 0 19 8 4 17 5 7 17 7 15 12 9 3 8 2 12
18 18 8 11 9 11 15 14 4 15 12 3 15 7 7 6 13 14 0 5
18 18 15 14 11 2 17 0 8 17 8 9 4 0 15 8 6 6 3 5
18 18 12 1 1 10 14 0 6 0 17 7 10 19 13 16 19 5 5 15
18 18 12 18 7 8 15 0 13 11 14 0 15 1 14 17 11 18 17 0
18 18 13 9 0 13 14 19 8 1 3 16 11 10 15 15 9 8 14 4
18 18 14 14 10 9 4 10 11 13 3 3 8 2 6 13 0 19 19 7
18 18 18 1 13 15 8 2 13 19 3 8 8 13 17 17 11 2 15 11
18 18 0 14 12 1 11 9 2 6 6 10 3 10 19 5 10 7 10 4
18 18 8 6 1 1 18 9 4 1 6 17 2 4 7 5 6 9 9 9
18 18 11 0 2 8 17 18 11 0 2 12 0 5 13 1 18 0 9 13
18 18 2 3 17 13 2 11 14 19 4 1 12 8 19 11 4 3 11 18
18 18 15 14 7 19 4 6 5 9 12 0 6 16 10 11 4 0 1 3
18 18 9 15 10 13 4 7 14 11 19 10 16 18 13 3 19 1 13 6
18 18 13 17 8 15 2 9 16 18 17 2 15 0 19 5 8 19 11 12
18 18 0 1 0 15 5 15 16 15 9 15 13 13 3 9 19 14 17 10
18 18 16 7 8 17 15 9 17 12 7 7 2 5 10 6 4 11 7 0
18 18 7 1 14 8 1 1 8 7 14 12 6 8 10 10 16 19 5 2
18 18 0 2 7 13 7 15 3 19 8 11 10 8 1 16 15 4 5 14
18 18 8 19 15 1 5 16 11 15 15 13 9 11 13 3 5 7 8 2
