17 17 9 17 18 9 5 0 18 6 14 17 9 13 13 14 0 12 0 0
17 18 17 9 5 11 0 12 6 5 11 9 18 3 10 6 14 6 9 14
18 6 11 17 14 4 4 10 6 9 5 10 12 0 12 4 16 0 12 0
18 14 17 17 17 9 9 14 14 14 9 8 18 18 8 18 17 4 18 11
12 11 9 12 0 4 7 11 11 0 9 10 17 18 6 17 9 1 18 18
4 3 11 8 15 9 9 12 0 11 15 11 11 11 11 1 0 15 14 4
17 12 0 7 11 11 11 11 11 11 15 14 0 12 12 0 11 4 12 0
14 14 5 16 6 1 17 17 11 13 11 11 0 11 11 0 11 11 11 11
18 6 6 5 14 16 6 9 5 11 0 11 0 12 5 0 14 0 6 18
14 16 18 5 17 9 12 0 17 6 6 17 9 5 16 5 14 0 5 16
12 1 5 0 9 13 11 9 17 17 18 6 9 6 9 13 11 4 18 11
14 17 14 0 16 14 9 6 9 13 11 0 11 15 9 5 12 0 0 0
4 3 11 17 5 11 17 11 11 0 11 11 0 18 4 17 17 17 17 17
11 4 17 9 5 11 0 11 11 1 9 11 1 5 14 4 4 11 11 11
14 6 16 10 6 9 13 9 13 11 0 11 18 18 6 9 16 6 9 17
17 6 9 13 14 17 0 12 11 1 8 9 4 12 5 5 11 0 12 11
11 1 18 15 1 11 11 15 11 0 18 11 11 17 12 0 4 14 10 13
4 3 11 14 9 13 2 5 11 11 6 9 9 2 2 2 4 18 18 5
18 18 18 17 6 17 18 10 9 11 5 11 11 0 11 5 16 5 11 0
17 4 17 9 5 11 0 12 5 0 11 18 11 11 1 11 12 5 0 4
17 17 9 5 11 4 12 5 0 12 5 0 12 5 16 6 9 9 6 11
18 17 9 5 11 18 11 11 17 17 9 6 6 9 5 11 11 0 12 5
18 17 1 6 14 17 12 4 6 4 17 9 18 14 9 13 9 9 9 12
18 6 17 17 9 14 10 12 11 11 11 5 5 11 0 18 11 17 18 14
12 1 16 6 8 9 13 11 0 11 11 11 12 0 11 11 1 6 9 9
17 1 5 11 11 1 9 5 14 8 19 14 17 9 17 17 7 6 5 5
18 16 7 9 6 18 17 17 9 12 0 1 0 12 9 17 11 17 17 18
18 18 6 9 9 12 0 12 11 11 0 17 12 9 13 0 12 0 4 3
14 17 17 17 17 9 18 18 3 9 14 9 16 9 10 9 6 18 4 17
18 6 17 9 6 14 5 16 11 15 18 18 12 0 14 2 5 11 0 18
17 4 1 10 5 11 11 9 18 11 11 9 18 11 11 12 0 17 6 9
11 0 11 12 0 15 11 11 15 5 11 1 0 0 0 18 18 5 17 0
12 11 16 11 0 12 0 3 16 12 5 11 5 11 12 5 11 11 9 17
17 2 11 11 4 14 18 9 2 14 0 14 10 3 5 0 6 4 17 9
11 1 9 14 12 0 5 10 16 6 9 5 11 9 13 14 9 5 11 15
17 5 0 17 17 2 17 11 9 14 14 13 14 9 13 12 0 9 13 0
18 17 9 17 17 9 10 18 18 6 9 17 9 18 18 18 11 17 4 17
17 10 9 5 11 11 17 9 13 18 18 18 11 11 11 15 11 0 18 18
11 0 12 0 18 5 13 6 9 6 5 5 14 16 6 9 5 16 10 12
17 4 1 5 11 14 14 0 12 0 3 3 5 5 11 9 12 10 14 8
14 17 16 17 9 5 14 0 12 0 11 0 5 11 11 11 9 5 16 9
17 18 17 17 17 9 18 18 18 11 9 12 12 0 11 17 9 5 6 8
18 17 10 17 9 10 14 10 14 10 6 16 6 9 6 5 11 0 12 3
16 5 16 9 12 0 11 15 14 0 11 11 5 14 0 11 11 5 7 11
12 11 11 0 0 6 11 0 11 11 17 11 15 5 11 11 11 17 4 17
17 17 1 0 17 18 17 9 10 18 18 11 9 17 18 11 11 8 18 17
14 11 1 13 9 6 14 17 0 18 17 9 13 9 12 5 9 13 12 17
17 4 1 10 3 11 11 4 18 5 18 11 11 4 8 18 18 14 7 14
14 17 17 17 4 17 9 5 6 17 8 9 17 9 10 6 18 18 18 18
18 9 5 9 17 9 7 11 9 12 14 0 14 13 0 15 14 0 12 11
11 0 11 4 12 12 0 12 0 15 8 3 5 11 4 17 8 14 11 12
11 4 10 1 0 5 0 15 11 11 0 12 5 0 14 17 5 11 9 13
14 9 5 11 11 15 12 5 3 10 16 15 5 11 11 11 3 10 1 16
15 11 11 4 11 0 12 6 4 17 14 17 0 17 17 17 9 18 17 17
18 16 6 14 9 5 12 0 0 17 0 12 6 13 11 0 11 0 12 0
18 18 17 17 17 17 9 12 0 12 4 12 9 5 6 9 17 9 2 9
18 17 6 17 9 14 17 9 14 17 13 14 0 17 17 4 18 7 4 14
18 6 17 9 14 17 18 18 7 11 9 18 13 14 14 9 5 16 11 18
14 16 14 17 6 17 6 17 9 10 18 18 6 9 14 16 7 11 11 0
12 11 6 5 5 16 6 3 11 0 12 0 11 11 0 0 0 11 0 12
18 6 7 9 5 14 0 11 11 11 11 11 11 1 5 11 9 12 14 0
14 13 12 5 0 18 17 9 14 17 13 14 9 13 14 0 6 17 9 14
14 5 6 12 17 4 4 1 14 11 11 2 2 2 2 2 2 2 2 2
14 8 9 17 10 18 12 0 5 0 14 10 6 9 14 14 17 12 4 8
14 8 9 18 18 11 4 3 5 16 10 18 1 5 11 8 9 9 18 18
17 4 17 9 10 14 10 16 9 9 2 10 10 9 9 12 9 12 9 13
18 17 9 12 5 11 13 0 11 7 16 16 17 17 9 5 6 9 9 12
14 16 14 17 6 17 10 6 5 0 17 9 5 11 11 0 17 4 11 11
14 5 3 5 11 11 9 18 18 11 11 11 15 11 11 1 0 15 8 18
18 17 9 5 6 9 9 12 12 0 4 7 0 11 0 11 11 11 11 14
18 17 17 9 14 8 12 0 11 11 17 11 17 14 14 14 9 8 10 17
18 18 12 0 15 8 5 16 1 5 11 11 11 11 11 11 11 17 18 18
14 17 13 14 4 18 6 17 9 14 8 16 14 10 8 9 17 17 4 4
17 17 9 13 13 14 0 11 8 9 9 14 9 14 4 18 18 11 18 17
18 7 9 2 18 11 9 11 11 11 4 10 10 18 5 0 6 9 5 0
18 18 15 11 11 11 11 11 11 12 0 11 11 9 12 0 11 17 4 11
11 4 12 0 0 8 9 10 6 4 17 9 10 6 8 18 17 17 9 10
18 6 17 9 14 17 13 9 5 11 4 4 14 17 0 15 17 11 4 12
12 11 11 1 0 15 8 13 11 0 18 18 17 10 17 9 10 10 3 6
14 16 18 6 17 9 12 7 11 6 18 6 1 6 9 17 4 10 11 10
11 0 4 12 12 5 0 18 18 18 18 18 18 18 7 11 4 18 18 11
18 17 4 18 6 14 17 8 6 18 6 9 5 5 11 11 4 9 14 8
17 4 17 9 4 14 10 10 6 9 11 5 14 0 16 1 0 16 11 0
18 18 11 17 12 0 14 6 17 14 16 14 9 8 9 6 16 2 10 13
17 4 17 9 10 14 10 12 9 10 10 6 9 10 3 5 10 5 10 14
11 0 11 17 17 9 10 17 9 10 9 14 12 10 5 0 9 8 18 17
17 18 15 17 18 18 12 0 6 5 5 11 11 0 5 5 0 11 11 12
18 10 9 10 9 18 18 18 18 18 18 18 18 11 4 14 0 12 0 11
18 18 14 14 0 14 17 4 4 17 9 5 12 5 10 16 13 14 0 12
18 17 4 17 9 9 10 12 17 9 10 17 9 10 18 18 18 18 18 18
14 9 13 0 6 5 5 11 2 16 6 5 17 17 18 6 17 14 17 17
18 6 17 9 10 6 9 12 0 9 13 13 13 3 16 5 16 11 11 4
12 11 17 14 17 11 17 18 17 4 17 9 10 6 9 6 9 12 9 6
18 18 11 17 8 2 8 9 18 18 18 18 18 15 6 9 12 16 12 0
17 18 5 9 13 9 14 0 16 13 9 4 15 11 11 11 17 17 11 12
18 18 15 11 11 11 11 1 11 11 11 17 4 1 17 13 6 17 9 18
11 4 1 0 5 3 13 0 12 0 12 0 8 11 0 12 11 11 11 1
17 17 9 5 11 4 14 0 12 5 8 10 5 14 0 12 0 5 11 15
15 11 11 11 11 4 10 10 11 12 0 12 0 18 5 13 8 9 9 12
6 17 9 18 14 0 17 1 14 17 17 17 11 9 14 17 9 13 5 11
12 11 9 13 14 8 14 7 1 14 0 5 16 11 10 12 1 14 0 5
18 17 17 9 10 6 9 13 10 14 10 12 8 3 13 3 14 17 9 0
18 17 11 17 18 18 15 11 15 12 14 0 12 10 5 0 0 11 12 12
18 14 7 11 11 9 12 5 0 18 7 11 11 1 0 11 1 0 0 18
14 11 13 11 11 0 4 12 0 14 0 11 5 7 14 0 16 4 10 10
14 17 5 15 5 11 11 4 12 0 11 11 0 12 5 11 0 11 0 4
12 0 5 10 8 12 1 5 13 6 8 9 9 6 11 7 11 12 0 18
18 17 9 5 5 14 0 11 5 14 0 11 11 5 10 16 9 12 5 11
17 14 17 4 5 0 14 16 6 9 5 14 17 0 14 16 14 17 9 18
14 4 18 14 17 17 3 17 17 7 17 17 11 17 4 18 18 18 18 18
17 4 13 11 1 5 0 18 18 17 17 17 11 12 0 17 4 18 18 18
11 4 1 10 18 18 6 9 18 17 4 18 18 18 18 18 18 18 18 18
11 0 11 4 12 4 14 0 14 14 13 13 14 0 18 11 11 11 11 1
18 18 17 2 11 9 14 17 10 6 17 9 17 18 18 5 6 5 14 0
14 5 16 6 9 17 10 10 12 9 10 4 13 18 14 17 9 9 9 10
14 7 0 17 17 17 17 1 0 17 17 4 18 14 9 17 9 5 6 8
11 11 17 14 6 17 4 17 9 5 12 12 0 4 5 12 4 0 6 12
11 0 4 1 0 9 6 5 14 16 6 5 5 11 4 9 18 12 0 11
18 17 17 18 14 18 18 18 18 18 18 18 18 18 6 14 8 13 14 4
12 9 12 0 12 0 11 6 5 5 11 0 12 5 13 11 4 0 11 4
4 1 5 3 11 9 14 13 14 0 5 0 9 13 12 0 0 11 0 17
12 11 13 11 5 9 4 14 16 16 6 9 5 11 9 18 11 11 11 11
17 9 13 14 0 14 0 6 14 11 5 14 0 14 0 5 16 6 9 5
17 12 0 6 16 16 9 12 6 9 2 13 11 11 11 11 0 11 17 0
18 4 1 0 18 15 11 11 12 5 0 11 11 11 11 11 11 11 17 9
12 5 11 11 11 4 5 13 11 1 9 13 14 0 18 9 6 11 8 4
18 18 10 17 9 13 14 0 10 9 10 12 9 10 5 11 0 18 11 0
17 9 14 16 10 14 13 13 13 16 11 12 0 4 0 12 0 15 5 5
18 8 6 17 9 10 6 9 14 8 7 10 12 5 11 0 12 6 0 4
3 5 5 11 11 11 11 17 14 0 17 4 17 17 17 17 17 17 17 17
11 1 6 17 18 5 6 9 11 4 0 14 17 0 14 17 13 6 6 9
17 17 9 5 11 4 5 11 6 11 8 0 17 17 11 8 18 17 9 5
18 17 0 17 11 2 5 11 11 11 17 9 13 11 1 9 5 11 9 16
14 16 14 9 6 18 18 18 18 18 18 11 11 11 11 11 11 12 0 11
14 13 14 17 6 9 5 11 0 18 4 17 9 10 10 11 11 17 18 18
11 4 11 10 17 6 17 18 7 9 17 9 18 18 5 10 11 1 0 0
6 17 18 5 6 9 9 6 1 6 4 11 11 1 5 11 9 5 11 11
14 5 13 14 0 11 11 11 5 11 11 5 11 17 17 4 17 11 10 18
17 17 9 9 12 12 9 13 14 4 12 0 14 0 18 14 11 9 11 12
17 4 1 0 12 11 11 1 0 12 5 5 11 1 5 8 9 9 18 4
18 6 17 9 10 6 9 1 5 11 11 11 11 11 17 18 11 11 15 5
17 17 9 13 14 14 9 8 12 0 4 3 11 11 0 11 12 9 17 0
17 18 14 17 11 9 12 12 0 17 9 14 8 9 17 18 18 14 6 6
18 17 17 9 11 15 11 11 11 11 17 17 11 11 17 9 12 5 11 12
18 17 11 11 17 4 17 9 10 9 10 6 9 5 6 17 18 5 7 11
17 10 6 17 13 9 14 17 17 9 17 18 18 18 18 18 18 18 11 4
18 18 18 15 11 11 15 5 11 11 11 11 0 11 11 0 0 13 0 11
14 5 16 6 5 14 8 2 1 5 7 11 11 18 11 17 4 12 9 13
18 8 14 12 12 9 13 13 9 12 0 11 9 17 17 9 18 5 14 17
18 17 6 17 9 6 14 16 18 18 18 18 18 18 12 0 15 17 17 17
18 18 17 9 5 14 13 14 17 16 6 9 17 9 18 5 14 17 0 6
18 10 9 13 10 10 1 0 18 18 18 18 18 18 14 17 9 18 18 11
18 14 17 17 17 9 13 9 6 14 17 5 0 6 17 4 14 9 5 16
11 4 17 9 13 14 0 6 4 1 10 9 6 6 18 6 9 13 9 17
14 17 11 2 5 0 14 6 17 9 6 9 5 11 12 5 5 11 11 17
17 9 5 18 10 11 1 5 14 0 8 1 5 11 11 13 6 12 5 5
12 11 11 0 11 11 11 11 11 11 11 11 1 5 12 0 9 12 16 6
8 4 18 2 11 11 2 0 18 11 13 14 0 11 11 12 5 8 9 17
17 14 5 16 6 9 13 5 5 14 0 0 12 9 1 5 11 12 0 12
18 17 17 1 14 13 14 13 14 0 12 5 16 10 12 5 12 18 9 10
18 6 9 14 12 0 5 0 14 8 9 14 8 1 2 9 10 14 10 12
17 4 17 9 2 10 11 1 0 15 18 17 17 17 17 17 1 5 11 11
18 18 18 3 11 11 10 18 17 9 12 4 12 6 9 13 9 14 10 3
14 5 16 11 11 11 12 0 11 0 12 0 11 11 17 11 0 9 4 13
18 18 17 9 13 13 4 9 1 14 9 13 11 1 5 11 16 6 4 14
11 2 15 5 11 11 11 0 11 11 11 11 5 11 11 11 0 4 11 11
18 17 17 11 11 5 11 4 10 6 14 8 9 12 0 5 12 5 14 4
18 8 9 18 18 18 7 11 11 11 9 5 11 13 0 11 11 12 17 18
17 17 9 5 11 4 11 12 5 6 8 14 6 8 13 14 9 13 12 0
17 12 0 12 0 5 14 4 14 12 0 12 0 14 0 18 18 11 17 4
17 18 18 12 0 5 5 0 12 0 0 12 11 11 17 1 0 18 14 12
14 17 17 17 17 9 14 8 7 9 5 6 17 10 6 9 5 18 5 11
18 18 18 12 17 11 14 0 12 5 11 3 5 16 0 11 2 12 9 17
18 17 18 17 17 18 12 5 3 6 5 11 0 8 11 4 18 11 11 17
18 18 15 11 11 15 5 11 9 18 18 11 4 12 0 11 0 11 1 6
14 5 16 6 18 6 6 17 4 1 10 18 18 18 18 18 18 18 18 18
14 17 17 4 4 1 5 11 11 13 9 5 11 0 12 0 11 1 0 11
18 6 18 11 17 17 9 18 18 18 18 18 18 18 18 18 18 18 18 18
14 1 16 18 5 18 18 11 11 12 0 15 11 11 11 1 0 11 0 17
18 6 9 13 14 0 11 11 11 11 11 11 11 11 0 18 5 11 11 11
8 4 18 11 12 14 7 12 0 18 18 11 2 11 9 6 14 16 6 17
18 15 11 11 11 12 5 0 8 16 11 0 11 12 0 11 4 8 18 18
18 17 4 1 10 1 0 17 5 6 9 17 9 13 3 14 13 14 0 12
8 4 9 11 11 11 4 12 0 14 0 12 0 15 16 3 10 5 0 11
18 17 17 11 14 4 12 5 12 0 18 11 11 11 11 17 9 13 9 17
14 11 11 12 0 5 15 0 12 6 9 17 9 2 9 12 0 4 10 13
11 1 16 18 6 4 17 9 10 14 17 17 9 17 10 17 9 17 9 18
17 4 1 5 11 11 11 11 11 0 11 0 15 18 17 0 17 17 7 11
18 15 17 11 4 1 12 17 9 12 4 12 6 4 0 14 1 6 17 9
17 17 4 17 17 9 10 6 9 5 11 9 12 14 0 18 17 9 18 6
17 17 9 5 11 4 1 10 1 14 1 0 6 17 9 5 11 13 16 6
17 4 17 9 6 9 5 11 11 11 14 5 14 18 11 11 17 17 18 18
18 17 14 16 14 14 13 8 6 6 6 6 6 6 17 9 2 9 4 12
18 18 5 9 5 0 5 11 0 18 15 5 17 9 18 11 10 1 17 17
18 17 9 2 9 12 0 18 11 11 2 12 4 0 15 16 7 11 11 0
12 10 16 12 0 17 9 17 9 10 14 8 13 13 6 18 6 11 17 1
18 6 17 9 14 17 17 17 9 12 0 18 14 16 9 17 8 9 6 18
14 17 17 7 17 17 14 17 17 17 9 12 0 4 14 14 12 0 18 18
18 14 11 11 17 14 9 5 16 1 0 14 5 0 16 18 5 14 17 9
17 4 1 10 11 11 12 5 11 11 9 12 5 0 12 11 5 11 11 11
18 4 17 10 9 14 17 17 9 18 4 6 9 5 11 9 17 4 18 11
13 5 11 11 11 7 9 4 1 1 0 8 9 18 18 18 18 18 10 10
18 17 4 13 14 13 14 16 6 17 17 9 9 6 9 17 9 10 18 6
14 11 9 13 11 0 12 0 11 11 11 1 11 11 0 11 17 9 0 7
17 12 0 5 9 5 12 0 5 8 9 12 6 17 14 9 5 6 5 14
18 8 18 18 4 17 9 10 14 10 14 9 8 6 17 9 10 5 12 9
17 13 9 9 18 18 6 17 18 6 9 14 8 4 17 7 9 4 14 10
17 9 5 11 4 17 0 18 11 11 1 0 0 12 0 17 18 11 5 14
12 0 11 11 1 10 1 5 5 11 11 11 11 9 11 0 11 17 5 11
18 6 13 9 14 10 12 0 14 9 9 12 6 17 17 9 5 11 9 12
18 17 17 10 1 6 9 17 10 9 6 18 11 0 18 16 6 17 9 5
18 17 9 5 12 0 18 16 9 12 0 17 9 10 6 9 5 11 6 8
18 14 17 17 17 17 9 6 1 5 11 11 0 11 6 11 8 0 18 17
18 17 11 9 18 11 16 6 9 6 9 6 5 13 6 19 6 9 5 6
18 14 5 16 9 12 0 18 18 18 18 18 18 18 14 12 0 14 18 14
18 15 11 11 11 17 14 9 2 5 10 7 9 11 4 3 11 0 0 11
17 9 14 17 10 16 14 10 5 14 19 13 13 14 16 6 14 17 9 13
17 11 4 18 12 13 4 6 8 12 17 14 9 13 14 14 9 8 1 5
18 17 9 5 11 18 11 6 1 6 17 18 6 11 16 10 12 0 9 5
11 0 12 0 7 11 8 18 17 9 5 12 0 11 5 2 11 11 11 11
18 17 6 6 4 9 5 1 11 15 5 17 9 18 18 18 18 12 0 18
17 17 9 6 14 16 18 9 6 18 18 18 4 9 17 18 18 18 2 11
18 18 18 17 7 9 17 17 11 9 5 0 12 9 0 11 11 11 0 12
17 4 1 10 5 11 11 19 11 11 4 12 12 0 4 0 12 0 0 18
14 17 14 0 16 6 9 17 9 5 6 17 18 5 9 5 6 17 17 18
18 18 18 17 7 11 13 9 16 18 6 14 13 14 16 6 4 10 17 9
18 18 15 6 9 18 18 18 18 11 0 18 17 18 11 11 11 11 11 11
17 9 5 11 0 12 5 0 15 16 9 6 18 11 19 18 11 4 5 14
11 1 12 9 13 14 17 0 18 12 9 5 6 1 6 9 9 9 9 12
17 4 17 9 10 12 5 13 14 8 2 9 12 0 17 17 17 17 13 14
17 11 17 11 15 11 11 17 17 9 10 6 9 4 1 0 0 15 17 17
12 11 6 17 18 5 9 5 9 5 11 11 11 19 17 17 17 17 11 17
4 3 11 17 2 8 9 17 11 0 18 4 6 9 13 9 14 17 10 6
18 17 9 5 11 18 11 11 9 11 0 12 0 14 9 5 16 9 17 4
18 6 6 17 9 13 6 18 5 14 17 14 6 9 5 11 4 4 4 17
11 11 17 17 4 18 15 6 18 11 11 12 6 9 13 11 9 7 11 4
18 17 11 11 17 12 0 9 6 5 6 9 1 0 11 9 17 18 18 11
18 4 17 9 5 11 15 11 18 17 7 11 4 11 0 12 0 12 4 16
11 0 12 0 17 18 17 9 17 9 18 18 5 14 4 11 11 12 0 11
17 9 5 11 11 11 11 11 11 17 9 5 11 12 9 4 16 12 12 10
18 6 18 11 17 9 14 8 6 16 9 0 12 0 14 9 12 4 10 12
11 0 12 0 17 18 13 9 18 18 18 18 5 14 0 12 0 14 0 14
17 9 5 18 11 11 0 12 0 11 0 12 9 1 0 6 9 5 14 0
18 6 9 14 8 2 2 2 2 2 4 11 11 9 18 18 18 16 6 17
17 11 9 18 18 14 12 18 18 18 18 11 11 11 0 12 0 11 11 11
18 18 18 6 9 10 9 12 5 13 14 12 0 15 16 11 4 18 12 9
18 18 15 4 11 1 6 5 14 16 1 0 13 8 9 4 18 17 11 17
18 17 9 5 14 0 14 0 14 14 0 16 6 4 10 10 6 9 5 16
11 0 11 11 15 5 11 3 10 12 1 0 6 16 13 6 9 6 14 17
11 1 9 6 5 5 11 4 4 14 12 11 11 0 4 0 15 17 18 18
18 16 6 14 17 9 13 14 8 9 4 1 5 11 6 9 17 16 9 6
17 17 9 10 6 9 10 12 0 14 13 14 0 6 17 0 6 9 5 5
18 18 5 9 5 11 11 8 0 17 12 0 13 11 9 12 0 9 5 11
17 4 1 5 0 12 0 11 6 1 5 11 11 11 9 12 0 11 9 18
17 2 9 4 10 4 17 9 12 5 12 0 11 1 5 12 0 0 11 11
18 17 17 9 10 6 9 10 17 9 18 18 11 9 14 12 0 14 16 0
